29.625
23.8125
27.275
31.575
31.825
46.875
55.0
33.3375
55.55
34.6125
44.8375
41.175
35.2875
45.8375
46.15
15.375
37.5
25.0
67.85
87.2375
50.0
40.0
44.45
33.3375
33.325
45.4625
18.75
19.45
30.0
6.6625
25.0
58.4625
40.0
20.0
17.65
53.325
25.0
35.7125
0.0
6.0
41.8625
40.0
50.0
42.3125
70.675
67.75
66.375
77.225
68.0375
67.5
76.7
64.3375
73.4875
77.55
75.2125
71.3125
66.2
71.625
63.1
68.2875
62.0375
69.225
58.6125
47.3375
63.775
54.075
57.7625
74.55
52.6375
62.125
63.7125
54.775
60.6125
45.525
57.15
73.3375
58.975
45.775
61.625
57.6125
59.575
67.4375
69.3875
57.7625
63.6375
62.7875
60.0
61.7
49.1375
43.6125
39.7375
43.7125
54.2875
59.325
53.1875
68.975
62.9625
61.25
56.25
49.0
33.5375
44.7
57.15
46.85
79.0625
67.7875
35.075
46.6125
31.8875
55.65
46.0
39.7125
44.15
48.1875
53.0625
68.6
36.7625
31.55
28.7625
59.0375
65.175
54.2125
63.8875
76.125
50.5
52.2625
70.65
56.525
57.7
46.325
70.8875
69.6125
67.425
75.0
39.6875
41.375
45.625
47.5875
49.6
44.325
80.2375
58.8875
47.6625
63.75
80.9
69.0
58.825
64.4875
61.175
70.65
69.875
76.4625
70.0
75.8625
45.95
67.525
62.5
61.8625
61.5375
76.4125
71.025
72.0875
82.95
61.5375
35.1
33.9125
48.025
39.75
30.4
33.8125
29.275
29.75
39.1
38.4625
66.25
61.2875
69.325
67.65
53.325
62.1625
64.6
62.375
37.15
39.65
53.5375
77.65
48.275
46.6
43.6625
30.25
28.725
48.65
41.3625
81.175
59.4125
65.725
60.9375
64.1125
70.125
72.3125
67.4125
69.0125
79.0125
72.5
77.625
74.7625
77.775
54.55
65.225
79.525
78.575
74.1625
79.1
68.75
63.5125
73.75
72.8375
76.4625
69.5125
67.125
72.725
73.7625
77.9
70.175
73.3375
67.1125
68.675
82.55
63.375
73.8125
76.4125
76.8125
75.0
75.9125
69.5125
83.5375
65.1625
76.5625
62.9625
56.9625
