2.925
0.975
1.7625
3.3125
1.95
1.5625
1.9625
3.3125
1.9625
1.1625
1.5625
3.325
2.9375
1.375
1.175
0.5875
1.175
0.775
1.175
0.775
1.375
1.375
0.775
0.975
1.7625
0.9875
0.5875
0.975
1.175
0.4
0.775
1.55
0.9875
0.3875
0.775
1.1625
0.775
0.5875
1.175
0.975
1.3625
1.175
0.7875
0.5875
1.7625
2.7375
0.4
0.4
0.7875
1.575
0.2
1.3625
1.375
1.175
0.975
0.975
0.2
1.175
1.95
1.5625
1.3625
1.7625
1.75
1.1625
0.9875
0.5875
1.7625
0.5875
1.3625
1.95
1.3625
0.775
0.975
2.35
1.5625
1.5625
1.75
1.5625
0.975
1.95
1.3625
1.1625
0.5875
2.55
1.175
1.5625
1.3625
1.375
1.575
1.575
1.5625
1.575
1.7625
1.375
1.175
0.7875
1.75
2.35
2.35
0.975
2.5375
1.7625
0.775
1.3625
2.7375
2.35
1.95
0.775
0.775
0.975
1.175
1.75
1.5625
1.175
1.375
1.375
2.3375
1.9625
2.525
2.35
