5.075
5.2625
5.475
5.275
5.475
5.8625
5.0875
6.05
5.275
7.025
8.5875
5.4625
6.2375
6.825
6.05
6.05
6.2375
5.275
5.6625
4.6875
4.6875
5.6625
3.7125
3.7
4.6875
4.3
2.5375
3.7125
3.125
5.8625
4.5
3.9125
4.1
3.7125
3.525
4.1
4.4875
4.1
3.7125
4.3
2.925
4.1
3.3125
4.8875
3.5125
3.125
3.125
4.4875
4.6875
4.675
3.5125
3.9125
4.1
4.0875
3.9
5.2625
5.0875
3.7125
3.325
3.7125
5.0875
4.4875
5.0875
3.9125
3.7125
4.3
3.125
5.275
5.6625
3.125
4.4875
3.325
4.1
4.4875
4.1125
2.7375
3.9
2.9375
4.2875
2.925
3.325
4.6875
4.1
4.3
3.5125
5.275
4.4875
5.8625
4.8875
2.7375
4.8875
4.3
5.275
3.7125
4.6875
4.5
3.9
2.925
5.475
4.3
4.7
3.9125
3.7125
3.5125
4.3
4.1125
4.2875
5.2625
4.6875
4.2875
5.275
4.3
4.6875
3.9125
4.6875
4.6875
5.275
3.9125
4.875
4.6875
