1.75883781797
1.7593659254
1.75975000354
1.75984602307
1.75946194494
1.74102619437
1.72741542539
1.72775149376
1.72275847798
1.56202177771
1.54807494037
1.54809894525
1.55467628334
1.55253984871
1.55263586824
1.5534280294
1.55388412219
1.55405215637
1.55424419544
1.55496434195
1.54869906734
1.54886710152
1.54891511129
1.54901113082
1.54908314548
1.54910715036
1.54910715036
1.54944321873
1.54980329198
1.54982729687
1.54046539228
1.53936116764
1.53936116764
1.53936116764
1.53938517252
1.54413813946
1.54461823713
1.54461823713
1.54461823713
1.54464224202
1.53799288927
1.53806490392
1.53811291369
1.53813691857
1.53825694299
1.53842497718
1.53986527019
1.54020133856
1.54036937275
1.54053740693
1.54070544111
1.54096949483
1.54156961692
1.54017733368
1.54164163157
1.54190568529
1.54668265712
1.54538639341
1.53768082579
1.53784885997
1.54080146065
1.5410175046
1.54118553879
1.54132956809
1.54152160716
1.53660060603
1.53681664998
1.53700868905
1.53712871347
1.53732075253
1.53760881114
1.5378008502
1.53804089904
1.53823293811
1.53842497718
1.53914512368
1.53933716275
1.53950519694
1.54272185133
1.54541039829
1.54562644224
1.54579447643
1.54593850573
1.54610653991
1.54620255945
1.54649061805
1.54663464735
1.54682668642
1.54135357297
1.54166563646
1.54322595389
1.54349000761
1.54382607598
1.54401811505
1.54425816388
1.5448102762
1.54507432992
1.54529037387
1.54545840806
1.54560243736
1.54574646666
1.54591450085
1.54605853015
1.5461305448
1.55165166802
1.54987530663
1.55009135058
1.5503554043
1.5504994336
1.55066746779
1.55081149709
1.55097953128
1.55117157034
1.55136360941
1.54665865224
1.54682668642
1.54701872549
1.54716275479
1.54745081339
1.54795491595
