1.7625
1.175
1.7625
1.175
1.7625
1.175
0.4
1.175
0.7875
1.95
0.7875
1.75
1.175
0.4
0.975
1.5625
0.5875
0.7875
0.975
0.9875
0.5875
0.975
1.5625
0.4
2.15
1.175
1.175
0.5875
2.3375
0.3875
0.775
1.7625
1.3625
0.2
0.3875
2.5375
1.5625
0.975
1.175
1.3625
0.3875
0.7875
1.3625
0.4
0.7875
1.375
1.3625
0.975
0.775
1.175
0.2
0.3875
1.5625
1.175
0.4
1.175
1.7625
0.975
0.975
1.175
1.3625
0.5875
1.175
1.95
0.7875
1.3625
2.15
1.3625
1.175
0.4
1.175
0.5875
1.375
0.5875
0.7875
1.55
0.775
0.975
0.7875
0.975
2.7375
0.5875
0.7875
1.375
1.3625
0.7875
0.775
1.9625
0.975
0.5875
1.3625
0.975
0.5875
1.175
1.75
0.975
0.7875
1.7625
1.175
0.975
0.7875
1.9625
0.7875
1.175
2.7375
1.55
0.7875
0.775
1.7625
1.375
1.375
1.95
1.175
0.5875
1.5625
1.7625
1.175
0.975
0.975
0.7875
