6.2375
3.5125
4.7
4.5
5.075
5.275
3.325
2.15
5.2625
5.475
6.6375
3.125
4.3
5.6625
4.675
5.275
4.7
4.1
2.9375
5.275
5.0875
3.1375
3.9
5.4625
4.1
3.9125
2.7375
5.275
6.825
4.5
4.8875
2.1375
3.325
4.4875
4.1125
3.7125
3.1375
4.6875
5.075
4.6875
4.7
4.2875
4.1
6.05
3.9125
4.1
3.3125
4.3
4.6875
3.125
5.675
6.25
4.6875
5.075
3.7125
5.0625
4.3
5.275
6.05
4.3
4.6875
4.4875
5.4625
6.05
4.3
4.1
3.7125
4.7
4.4875
5.6625
2.925
4.2875
4.3
4.8875
3.325
3.7125
3.325
3.5125
4.6875
3.9125
4.2875
3.125
4.1
3.9
5.85
3.325
3.325
5.075
3.125
3.325
4.8875
4.4875
4.6875
4.0875
4.1
5.275
3.7125
5.275
4.8875
3.9125
3.9
3.125
4.5
3.3125
4.5
4.1
6.8375
4.4875
2.925
3.5125
3.9125
5.075
3.9
2.925
4.1
3.125
6.0375
5.4625
4.8875
4.4875
