1.82122651032
1.81452914781
1.83121254188
1.83397310349
1.83598951371
1.8212505152
1.82000226126
1.83464524023
1.84026238298
1.84326299342
1.84527940364
1.68195017594
1.65057579314
1.65062380291
1.6482953292
1.6497596271
1.65038375407
1.60309413347
1.60350221649
1.60419835811
1.60415034835
1.59908531792
1.60093369395
1.60926338854
1.61509657525
1.61694495128
1.6176410929
1.61903337615
1.6193934494
1.61956148359
1.60837520785
1.60842321762
1.60892732017
1.60907134948
1.60921537878
1.60993552528
1.60542260718
1.60616675857
1.60688690507
1.60813515902
1.60825518343
1.61471249711
1.62191396218
1.62561071424
1.62575474355
1.62702700237
1.62781916353
1.6280112026
1.61804917592
1.61418438967
1.61464048246
1.61598475594
1.61684893175
1.61699296105
1.61737703918
1.61752106849
1.61766509779
1.61828922476
1.62467452379
1.62513061657
1.62601879726
1.6262588461
1.63274016466
1.63823728299
1.64459857713
1.64215007901
1.64234211808
1.64248614738
1.64267818645
1.64315828412
1.62402639193
1.62501059215
1.62546668494
1.6264028754
1.62714702679
1.62901940771
1.62309020147
1.62330624542
1.62376233821
1.62462651402
1.62486656285
1.62505860192
1.62897139794
1.63622087277
1.64195803994
1.64118988367
1.64142993251
1.64162197157
1.64181401064
1.64142993251
1.63048370561
1.62568272889
1.62753110493
1.62861132469
1.62909142236
1.62925945654
1.62949950538
1.62983557375
1.62599479238
1.62664292424
1.62714702679
1.62784316841
1.62810722213
1.63281217931
1.64051774693
1.64735913874
1.647719212
1.64810329013
1.64853537804
1.64887144641
1.64927952943
1.64968761245
1.63403642837
1.63509264325
1.63598082394
1.63641291184
1.6370610437
1.63754114137
1.63809325369
1.63305222815
