2.35305470545
2.35300669568
2.35173443685
1.95282128196
1.86570755955
1.8584820896
1.85874614332
1.86153070981
1.86157871957
1.85387315195
1.90689993972
1.83356502047
1.83553342092
1.83560543557
1.83433317674
1.83589349417
1.83502931836
1.83711774323
1.83723776765
1.82864401934
1.83066042956
1.82994028305
1.82936416585
1.8303003563
1.82936416585
1.83138057606
1.83229276164
1.83582147952
1.83613354301
1.83433317674
1.83586948929
1.83435718163
1.83591749906
1.8365896358
1.83505332325
1.83735779207
1.83661364068
1.83882208997
1.83954223647
1.83291688861
1.83531737697
1.83534138185
1.83800592393
1.83954223647
1.84016636344
1.84223078343
1.84139061251
1.84381510575
1.84451124737
1.84338301784
1.84549544759
1.84451124737
1.66039379051
1.6611379419
1.66027376609
1.65688907751
1.65736917518
1.66029777098
1.66149801516
1.66065784423
1.66279427887
1.66176206888
1.66401852793
1.66473867444
1.66411454746
1.6662509821
1.66543481606
1.66238619585
1.66413855235
1.66397051816
1.6662509821
1.66541081118
1.66754724581
1.66821938255
1.66733120186
1.66968368045
1.66913156813
1.67215618345
1.67417259367
1.67381252042
1.67609298436
1.67498875971
1.6774852676
1.67803737992
1.67707718458
1.67494074995
1.66891552417
1.67218018834
1.67323640321
1.67266028601
1.6751567939
1.67489274018
1.6776292969
1.67947767294
1.67906958992
1.68147007827
1.68067791712
1.68298238594
1.68375054221
1.68281435175
1.68495078639
1.68432665942
1.68655911359
1.6875673187
1.68636707452
1.68835947985
1.68732726986
1.69191220262
1.69320846633
1.69385659819
1.69606504747
1.69700123793
1.69731330142
1.69800944304
1.6970492477
1.69916167745
1.69973779466
1.70033791675
1.7012741072
1.69995383861
