1.61089572063
1.61380031154
1.61346424317
1.61504856548
1.60940741785
1.65919354634
1.59927735699
1.59786106886
1.59949340094
1.59951740582
1.59805310792
1.59961342536
1.59810111769
1.59997349861
1.59997349861
1.59843718606
1.59997349861
1.59843718606
1.59999750349
1.60002150838
1.5985332056
1.60006951814
1.5985332056
1.60009352303
1.60018954256
1.59872524466
1.60026155721
1.59879725931
1.59778905421
1.59836517141
1.59742898095
1.59958942047
1.60033357186
1.60134177697
1.60208592836
1.60112573302
1.60338219207
1.60419835811
1.60489449974
1.60899933482
1.60799112972
1.610199579
1.61079970109
1.6113758183
1.61192793062
1.611231789
1.61334421875
1.61392033595
1.61459247269
1.6151685899
1.61423239944
1.61653686826
1.61713699035
1.61771310755
1.61828922476
1.61732902942
1.61944145917
1.62008959103
1.6191053908
1.62138585474
1.62061769846
1.6228981624
1.62366631868
1.62273012822
1.62489056774
1.62393037239
1.62601879726
1.6265469047
1.62561071424
1.62777115376
1.62681095842
1.62899540282
1.62949950538
1.62856331492
1.63065173979
1.62969154445
1.6318039742
1.63240409629
1.63144390095
1.6335563307
1.63257213047
1.63466055534
1.6353086872
1.63437249674
1.63650893138
1.63449252116
1.6374931316
1.63826128788
1.63737310718
1.63943752717
1.63847733183
1.640709786
1.64140592762
1.64063777135
1.64294224017
1.64198204483
1.6440704697
1.64462258202
1.64409447458
1.64779122665
1.64685503619
1.64896746594
1.64954358315
1.64855938292
1.65067181267
1.64971161733
1.65184805197
1.65237615941
1.6515119836
1.65364841823
1.65264021312
1.65477664776
1.65542477962
1.65439256962
1.65650499938
1.65556880892
1.65765723379
1.65828136076
1.6573451703
1.65940959029
