5.475
7.425
5.8625
6.2625
6.2375
5.65
7.6125
6.8375
7.2125
6.4375
7.225
7.025
5.8625
6.05
6.6375
5.075
4.1
4.1
7.6
5.475
5.475
5.2625
4.8875
5.4625
4.6875
6.2625
6.05
6.825
5.8625
7.0125
5.875
3.725
4.1
6.0625
6.425
4.875
6.4375
5.0875
7.6125
5.6625
7.225
4.6875
7.6125
4.4875
6.4375
5.6625
6.0625
5.2625
5.2625
6.0625
5.4625
5.0875
5.0625
3.9
7.6
8.5875
6.4375
4.6875
4.4875
3.7
6.05
7.225
5.275
8.0125
5.2875
5.2625
5.2875
4.4875
5.475
3.9
7.225
5.675
5.075
8.025
5.4625
4.5
5.8625
5.475
8.9625
3.125
4.4875
5.85
5.8625
5.6625
5.0875
5.6625
8.2
5.8625
6.0625
6.65
5.6625
6.45
4.875
6.2625
5.275
6.2375
6.65
5.475
3.5125
6.05
6.65
9.175
4.3
5.4625
7.2125
4.8875
3.725
4.1125
5.075
4.675
3.9125
5.275
7.425
3.9125
3.7125
7.8
7.0375
7.225
4.6875
6.25
