3.5125
5.0625
6.2375
5.8625
4.1
5.6625
5.8625
6.0625
6.25
6.45
5.6625
7.625
5.6625
4.4875
4.1
5.6625
4.8875
5.85
6.625
5.275
6.05
5.0875
6.05
5.075
4.875
4.3
5.275
4.7
4.3
5.675
6.25
5.475
6.05
5.85
4.875
4.7
5.45
6.8375
4.6875
5.2625
4.5
6.8375
4.4875
3.5125
3.5125
3.9125
4.4875
5.275
5.0625
4.5
6.45
5.475
4.7
3.7125
3.9
5.475
6.6375
4.3
6.25
5.475
6.8375
3.7
3.9125
3.7125
5.85
3.7125
6.45
4.1
5.4625
4.3
3.7125
3.9125
2.925
2.5375
4.5
3.7125
3.9125
4.5
5.275
5.0875
4.3
3.325
4.3
5.4625
3.7125
3.525
4.8875
5.6625
3.125
6.05
8.2125
7.8125
3.125
6.05
6.05
3.125
4.2875
4.6875
4.1
2.925
4.8875
4.5
4.875
4.6875
3.7125
3.1125
4.6875
4.6875
4.1
2.35
3.9
4.6875
4.1125
4.1
4.1
4.3
4.675
3.325
4.2875
5.8625
