8.1875
7.425
7.625
5.2625
6.05
7.425
7.425
7.6
8.0125
6.6375
8.2
5.85
7.2125
8.5875
7.6125
7.0375
11.1375
6.25
9.775
9.775
12.8875
11.3375
11.9125
7.225
6.05
8.375
8.3875
8.6
5.4625
9.3625
7.8
10.3375
8.775
5.675
8.4
6.45
4.6875
7.2125
8.7875
9.375
6.05
7.6125
6.65
7.6125
8.8
8.4
9.7625
8.6
8.775
13.4625
9.55
9.5625
11.525
7.8
9.775
10.95
9.75
9.95
9.575
7.425
11.3375
12.7
7.425
8.9875
8.4
8.6
7.225
7.0375
7.4125
7.425
6.4375
8.5875
6.625
8.4
7.4125
9.375
7.2375
8.5875
7.4125
9.7625
10.15
13.8625
9.75
8.8
11.525
9.9625
8.4
6.6375
8.9875
9.5625
5.8625
8.6
5.85
8.8
7.6125
6.45
9.7625
7.425
4.875
6.825
6.6375
4.6875
7.625
7.6
10.35
8.0125
6.825
8.2125
6.4375
8.0125
11.9
6.6375
8.5875
7.425
6.85
6.4375
9.175
11.9
6.0625
8.7875
