2.9375
2.15
0.5875
1.75
1.7625
1.1875
2.7375
2.5375
1.5625
1.375
2.925
1.575
0.7875
0.9875
1.7625
0.775
0.7875
1.5625
2.15
3.7
0.975
1.7625
2.15
1.375
1.7625
1.7625
0.5875
0.3875
0.775
1.375
0.7875
0.975
1.175
1.3625
0.975
0.775
0.4
3.325
0.9875
1.5625
1.5625
0.7875
2.525
1.375
1.3625
1.95
2.7375
2.5375
1.7625
1.7625
1.175
1.95
1.175
0.7875
0.5875
1.375
1.95
3.125
2.5375
1.5625
1.95
0.975
2.15
1.3625
2.7375
1.3625
1.95
1.175
1.75
0.7875
1.95
1.1875
2.15
2.525
0.5875
0.975
0.7875
1.375
2.15
0.7875
1.5625
0.975
2.35
1.7625
3.125
1.5625
1.9625
1.1625
1.9625
1.5625
2.35
2.35
1.75
1.5625
0.7875
1.175
1.375
1.775
2.925
0.5875
2.5375
0.9875
0.9875
1.95
1.75
0.3875
1.175
1.3625
1.95
0.7875
0.4
1.175
0.775
2.3375
0.2
1.5625
1.7625
1.175
1.575
0.9875
