2.1625
2.9375
2.15
1.75
0.7875
1.75
2.9375
1.1625
0.7875
1.95
1.9625
1.3625
1.375
1.5625
2.925
1.175
3.125
3.5125
1.575
1.5625
0.7875
2.35
1.7625
1.5625
1.95
1.7625
1.375
2.3375
2.7375
1.3625
1.9625
1.375
0.9875
0.975
2.15
1.3625
2.75
2.525
1.3625
1.75
1.5625
2.7375
1.375
1.5625
1.575
1.95
1.3625
0.975
1.3625
0.7875
0.7875
0.7875
1.55
1.575
1.175
1.175
0.7875
2.7375
2.35
2.925
2.9375
1.3625
1.375
0.775
1.3625
1.175
0.6
1.75
1.375
1.95
1.5625
0.5875
1.1875
1.9375
1.1625
1.3625
1.7625
2.15
3.9
1.575
0.975
1.3625
1.175
2.35
3.5125
1.575
1.1625
1.1625
1.75
2.3375
0.2
1.7625
1.7625
2.35
0.2
0.5875
0.7875
0.5875
0.7875
1.175
2.35
0.5875
2.1375
1.175
1.9625
1.575
1.175
0.775
0.9875
0.5875
1.7625
1.5625
2.15
1.375
2.3375
1.3625
0.4
2.1375
1.375
2.9375
