1.61132780853
1.61161586713
1.62044966428
1.62097777172
1.62028163009
1.43921279345
1.42781047376
1.42929877654
1.42569804401
1.42656221982
1.42723435656
1.43277948466
1.43203533327
1.4335956507
1.43450783627
1.43508395348
1.43121916723
1.30929836366
1.30101667883
1.30116070813
1.30219291813
1.30272102557
1.30293706952
1.30392126974
1.30425733811
1.30536156276
1.30593767996
1.30615372391
1.30116070813
1.30226493278
1.3033931623
1.30370522579
1.30440136741
1.30502549439
1.30560161159
1.30608170926
1.30627374833
1.30668183135
1.30725794856
1.30749799739
1.30380124533
1.30483345532
1.30528954811
1.30639377275
1.30687387042
1.30728195344
1.30800209995
1.3085062025
1.30925035389
1.31083467621
1.31129076899
1.31179487155
1.31165084225
1.3120109155
1.31237098875
1.31330717921
1.30980246621
1.307786056
1.31018654435
1.31234698387
1.31496351618
1.31604373594
1.31645181896
1.31750803383
1.31856424871
1.31935640987
1.31981250266
1.32082070776
1.32125279567
1.32173289334
1.32211697148
1.32098874195
1.3226690838
1.31729198988
1.31813216081
1.31921238057
1.31988451731
1.32094073218
1.32002854661
1.31676388244
1.31748402895
1.3150835406
1.31611575059
1.31693191663
1.31827619011
1.31947643429
1.32146883962
1.32418139146
1.32533362587
1.32667789935
1.32624581145
1.32843025585
1.33051868072
1.33174292978
1.3334712814
1.33284715443
1.33037465142
1.3321510128
1.33354329605
1.33397538395
1.32910239259
1.33013460258
1.33080673932
1.33114280769
1.32991855863
1.32662988958
1.3282142119
1.32994256352
1.33047067095
1.33080673932
1.32811819237
1.32970251468
1.33051868072
1.32991855863
1.33107079304
1.32833423632
1.32895836329
1.32977452933
1.33018261235
1.32977452933
