2.7375
2.5375
2.15
2.5375
3.125
2.5375
1.5625
0.9875
3.325
0.7875
3.5125
3.3125
1.95
1.175
1.7625
2.15
1.7625
2.15
2.1375
2.5375
2.3375
2.35
3.325
1.5625
1.7625
2.3375
2.9375
1.375
1.5625
1.3625
0.7875
2.7375
0.975
0.775
2.35
2.15
1.375
0.9875
1.95
1.75
2.525
1.75
0.7875
0.9875
1.375
1.3625
1.55
0.5875
1.75
1.5625
1.175
1.175
0.975
1.7625
1.575
1.95
1.75
1.375
1.375
1.7625
1.95
1.7625
1.175
0.5875
1.3625
1.5625
0.975
0.5875
1.375
0.4
0.975
1.375
1.175
1.9625
1.175
2.3375
1.3625
1.5625
1.375
1.95
1.3625
1.5625
2.7375
1.95
2.1375
1.5625
1.175
1.5625
1.5625
1.7625
0.7875
0.5875
1.5625
1.175
1.3625
1.175
1.5625
0.7875
1.375
0.7875
1.3625
0.4
0.975
2.3375
0.975
1.175
1.175
1.175
0.7875
1.75
1.375
1.5625
0.975
1.3625
1.3625
0.5875
1.375
1.3625
1.75
1.175
