0.775
2.55
3.525
1.1625
1.3625
0.6
0.9875
1.375
0.975
2.5375
0.775
1.175
2.15
2.15
2.3375
1.75
2.55
0.7875
1.9625
1.375
1.375
1.5625
1.75
1.775
1.3625
2.35
1.5625
1.5625
1.375
1.1875
1.9625
0.775
1.95
1.95
0.7875
0.975
1.3625
1.95
0.7875
0.975
1.7625
1.175
1.375
2.55
1.7625
2.7375
0.975
0.6
1.9625
1.775
2.15
1.575
2.1625
2.35
3.125
2.55
2.1625
1.5625
1.9625
1.75
1.175
1.375
1.1875
1.3625
1.9375
2.35
1.375
1.175
0.7875
1.575
1.3625
0.775
1.375
3.125
0.7875
0.7875
1.1875
0.3875
0.7875
1.175
1.5625
1.95
0.975
1.575
1.7625
1.175
1.7625
2.3375
1.175
1.95
1.3625
1.7625
1.175
1.175
1.7625
1.7625
1.5625
1.375
2.1375
1.7625
1.3625
1.95
2.1375
2.3625
0.9875
0.975
1.7625
1.175
1.1625
0.4
1.175
1.175
2.5375
0.5875
1.75
0.975
2.925
1.5625
0.775
0.975
