1.98858855846
1.97865053667
1.98544391871
1.98815647055
1.98013883945
1.80173454488
1.80583937996
1.80831188297
1.80847991715
1.81275278643
1.89148880448
1.9132132241
1.92425547053
1.92831229585
1.93990665461
1.93808228346
1.73939386229
1.74021002833
1.73984995507
1.73447286116
1.74342668272
1.75046011361
1.75871779355
1.76769562
1.77136836718
0.384726268712
0.403714131603
0.430143508395
0.452588074518
0.469343483238
0.479641578283
0.485954862657
0.495628830729
0.50914358017
0.518673518941
0.530916009553
0.541934251104
0.557273371695
0.56946785254
0.577869561784
0.590832198903
0.646667558048
0.654253101251
0.661766629803
0.664623210946
0.642586727844
0.647891807109
0.668608021616
0.674753271806
0.67633759412
0.682242795474
0.688412050548
0.692756934471
0.697341867229
0.702911000214
0.709320304123
0.716401744771
0.730300572348
0.741894931105
0.752385065218
0.762083038173
0.768372317664
0.755049607292
0.753057201957
0.761818984454
0.764507531412
0.765227677919
0.767268093021
0.762923209098
0.764123453275
0.766019839076
0.767316102788
0.76902044952
0.766187873261
0.775765821799
0.783279350351
0.787384185439
0.793601450279
0.800130778606
0.79773029025
0.768036249295
0.76969258626
0.770964845088
0.772429142985
0.774205504368
0.776533978072
0.77739815388
0.778742427359
0.775597787614
0.776726017141
0.778310339455
0.779270534798
0.777710217367
0.778430363873
0.77516569971
0.785439789871
0.794321596786
0.801571071619
0.808436468315
0.809948775979
0.811629117828
0.813549508512
0.78820035148
0.791320986341
0.792161157266
0.794729679806
0.791945113314
0.792641254937
0.794345601669
0.795929923984
0.797874319552
0.793865503998
0.79482569934
0.796482036305
0.799026553962
0.800514856742
0.80279532068
0.810956981088
0.819166651264
0.826752194466
