1.3625
2.1375
2.55
3.7125
2.1375
1.5625
1.375
1.375
2.15
2.3375
0.6
2.55
0.4
1.175
2.5375
2.5375
3.125
2.1625
2.3375
0.7875
1.3625
1.75
0.975
2.3375
1.7625
2.925
2.725
2.5375
0.7875
0.975
1.375
1.7625
1.7625
1.7625
0.7875
1.175
1.575
1.7625
2.5375
2.5375
3.7125
2.7375
0.9875
1.5625
1.575
1.9625
1.5625
1.175
0.775
2.3375
1.7625
1.7625
2.7375
0.7875
1.3625
1.5625
2.35
1.95
1.375
2.1375
1.7625
4.675
1.3625
2.15
2.3375
0.775
2.35
3.5125
2.1625
4.3
1.7625
2.925
1.175
2.35
0.975
1.95
1.175
1.7625
1.9625
0.6
1.55
2.3625
2.1625
0.975
1.1625
1.5625
2.75
1.1625
1.95
1.9625
1.175
1.375
1.95
1.75
1.5625
2.3375
1.5625
2.55
1.75
1.7625
2.1625
2.9375
3.5
2.55
1.7625
1.375
1.5625
2.925
1.5625
1.75
2.15
1.7625
2.15
1.175
1.7625
1.75
0.9875
1.7625
1.5625
1.1625
