10.725
8.9875
11.5125
8.7875
8.775
8.5875
9.7625
6.0625
12.225
11.7
7.6125
7.8
7.0375
9.9375
11.5125
10.5375
10.7375
10.1625
10.55
12.7
9.375
7.6125
12.3
12.1125
10.95
11.7125
12.8875
10.925
11.325
14.2625
11.9
10.3375
13.0875
10.9375
9.775
7.4375
15.0375
9.5625
8.975
10.925
8.4
10.55
7.425
8.9875
7.6125
8.975
6.2375
8.7875
12.1125
10.1625
7.025
6.45
11.125
6.45
10.9375
7.425
9.175
7.425
7.2375
12.4875
9.95
13.675
10.1625
9.3625
10.3375
8.6
8.7875
11.125
7.8
8.7875
8.2125
7.0375
7.8
8.4
8.9875
9.5625
9.75
8.7875
8.6
7.8125
8.2
10.55
6.2625
5.075
9.5625
11.325
10.1375
6.65
8.9875
9.575
10.3625
7.2125
13.275
8.1875
10.15
10.1625
7.4125
13.075
8.4
10.3375
10.15
12.5125
7.425
11.9125
11.525
7.2375
6.625
8.3875
8.1875
6.25
8.2
7.4125
6.6375
9.4375
9.3625
7.0375
7.8125
8.9875
9.75
7.2125
