1.6084472225
1.61780912709
1.63413244791
1.65266421801
1.63554873603
1.48040517363
1.480741242
1.47966102224
1.48681447754
1.47966102224
1.47980505154
1.48119733479
1.48143738362
1.48345379384
1.48309372059
1.48335777431
1.38198515106
1.31124275923
1.3117228569
1.30752200228
1.30766603158
1.30800209995
1.30831416343
1.31016253947
1.31933240498
1.31748402895
1.31834820476
1.31861225848
1.32002854661
1.32019658079
1.3139073013
1.31441140386
1.31501152594
1.31573167245
1.31587570175
1.31611575059
1.31649982873
1.31709995081
1.31813216081
1.31839621453
1.3190203415
1.31933240498
1.31964446847
1.3212047859
1.32254905938
1.33107079304
1.32891035352
1.32931843654
1.32984654398
1.33085474909
1.33121482234
1.33032664165
1.33071071979
1.33102278328
1.32389333286
1.32420539635
1.32458947448
1.32523760634
1.32667789935
1.32706197749
1.32751807028
1.32823821678
1.32922241701
1.32958249026
1.32994256352
1.33032664165
1.33716803346
1.33748009695
1.33779216044
1.33798419951
1.33815223369
1.33051868072
1.31613975547
1.31714796058
1.31765206314
1.31779609244
1.31806014616
1.31861225848
1.31885230731
1.31914036592
1.31933240498
1.31947643429
1.32029260033
1.32735003609
1.32626981633
1.3264618554
1.3268939433
1.32751807028
1.32761408981
1.32787814353
1.32809418748
1.32828622655
1.32847826562
1.32067667846
1.32086871753
1.32142082985
1.32202095194
1.32226100078
1.32278910822
1.32312517659
1.32331721565
1.32358126937
1.32379731333
1.32509357704
1.32530962099
1.32924642189
1.33258310071
1.33279914466
1.33155089071
1.33222302745
1.33255909582
1.33272713001
1.33301518861
1.33349528628
1.33402339372
1.33423943767
1.33440747186
1.33500759394
1.33231904699
1.33260710559
