1.775
1.375
2.3375
1.375
1.95
2.5375
0.975
1.95
1.375
1.9625
0.7875
1.175
4.1125
2.15
1.375
0.975
1.9625
2.55
1.175
1.3625
1.1875
3.1375
2.15
0.7875
1.75
1.5625
0.9875
2.15
1.1625
0.975
1.5625
2.35
2.5375
0.7875
0.4
2.9375
2.15
2.5375
1.95
2.3375
2.7375
0.975
1.7625
2.5375
2.7375
3.9125
0.7875
1.75
1.95
2.1625
2.925
0.975
2.5375
1.5625
2.9375
1.575
1.375
1.175
2.35
1.7625
1.175
1.175
1.175
2.5375
1.9625
1.5625
2.35
1.3625
1.3625
1.175
1.5625
2.925
1.1625
1.95
3.125
2.725
1.375
1.175
2.7375
1.175
1.75
1.375
1.55
0.2
2.15
1.5625
1.9625
2.15
1.7625
2.1625
2.55
2.35
1.175
0.7875
1.575
2.725
2.1625
1.175
1.175
2.75
1.175
2.3375
1.9625
2.7375
3.1375
1.375
1.575
1.1875
1.375
0.975
2.15
1.9625
1.9625
1.5625
1.175
1.55
3.8875
2.15
0.9875
1.175
