7.8125
6.45
7.225
8.9875
7.6125
5.875
7.025
5.6625
7.6
9.3625
9.375
8.0125
6.6375
5.475
8.6
8.7875
6.8375
7.025
8.0125
8.775
7.8125
8.775
8.5875
8.3875
8.3875
8.4
7.0375
10.1625
7.025
6.0375
10.5375
7.0375
8.0
7.425
8.7875
8.2125
7.4125
9.375
10.1625
7.8
8.0125
6.8375
7.625
8.2
7.0375
6.25
6.8125
8.6125
6.825
6.625
8.4125
7.6
6.05
7.4125
10.525
8.0
10.35
6.8375
7.025
5.6625
5.4625
4.7
7.4125
5.85
6.8375
7.0375
10.55
6.2625
9.175
7.425
8.7875
6.2375
6.6375
8.3875
6.2625
6.2375
5.4625
6.05
8.7875
7.0375
8.6
8.3875
6.0625
9.575
7.4125
9.1875
5.65
5.6625
8.6
7.0375
5.8625
4.8875
6.0375
6.8375
7.425
7.0375
7.625
7.8125
7.425
7.8125
7.425
8.8
9.7625
6.6375
6.85
6.45
9.375
10.5375
9.375
7.6125
3.525
7.625
7.425
5.675
7.025
7.425
4.8875
6.05
4.675
8.0125
