1.67885354597
1.68319842989
1.68775935776
1.68744729428
1.68763933335
1.4941599719
1.49286370819
1.4865744287
1.48698251172
1.48547020406
1.4865744287
1.36453360072
1.36489367397
1.36549379606
1.36664603047
1.36683806954
1.36787027953
1.36801430883
0.12753794632
0.230782950483
0.247394329902
0.254259726599
0.260260947487
0.265518016985
0.270631057182
0.276248199934
0.281769323151
0.285202021499
0.290315061696
0.29398780888
0.297420507228
0.302053449754
0.305582167636
0.308054670642
0.311319334805
0.321881483569
0.329827100025
0.333451837442
0.336188394167
0.340005170652
0.343197820165
0.34634245991
0.351023412203
0.356328491468
0.368594986964
0.371835646244
0.37646858877
0.379421189447
0.374236134599
0.377284754811
0.380261360371
0.382949907329
0.386190566609
0.389527245423
0.412379894566
0.417180871276
0.420685584275
0.42335012635
0.429039283752
0.43861723229
0.43828116392
0.440345583906
0.44159383785
0.442770077144
0.44368226272
0.444570443411
0.446010736424
0.442169955056
0.443058135747
0.443994326206
0.445026536199
0.445842702239
0.446706878047
0.447811102691
0.449059356636
0.446058746191
0.446970931766
0.447931127108
0.4488193078
0.45023559593
0.451219796155
0.452276011032
0.454484460319
0.462334057241
0.466198843493
0.467135033951
0.468791370916
0.470783776251
0.471839991128
0.472824191353
0.474120455065
0.475344704127
0.477289099694
0.469583532074
0.471215864155
0.471863996011
0.472488122984
0.473184264607
0.473640357394
0.4742164746
0.474864606456
0.475440723661
0.47604084575
0.476616962955
0.477793202249
0.478465338989
0.478969441543
0.479521553865
0.48009767107
0.480673788275
0.481489954316
0.481946047104
0.482618183843
0.487491175205
0.494044508415
0.49238817145
0.493444386326
0.493924483997
0.494380576785
0.495076718408
