3.5125
4.875
5.675
5.0875
7.0375
5.275
7.2375
6.4375
4.2875
7.025
4.675
3.9
4.8875
4.875
6.825
5.275
9.3625
5.6625
5.6625
4.4875
6.4375
5.0625
4.3
4.8875
7.0375
5.075
5.4625
3.9
7.425
6.0625
4.4875
4.875
5.6625
6.25
5.475
5.4625
5.475
4.8875
6.0625
5.45
4.3
3.9125
8.0125
5.85
7.0375
4.3
3.9
6.85
6.825
6.45
2.35
6.0625
3.5125
5.8625
4.4875
4.9
3.5125
3.525
5.075
6.05
5.8625
6.625
6.65
4.2875
4.4875
5.4625
6.25
9.375
4.1
7.2375
3.125
6.625
7.2125
5.275
7.8125
5.6625
4.1
3.325
6.8375
5.4625
6.4375
4.5
8.0
7.6
6.05
8.0
5.8625
4.6875
9.9625
5.675
4.2875
3.525
3.7125
5.0875
3.7125
4.4875
6.0625
5.6625
5.85
4.875
5.275
4.6875
3.5125
7.0375
7.625
7.225
8.975
4.6875
6.25
7.025
8.7875
8.6
9.775
5.275
5.8625
6.25
4.1
4.6875
6.45
2.9375
