6.8375
8.2125
6.0625
7.625
8.0125
8.0
5.475
6.8125
6.65
5.2625
7.4125
8.3875
7.625
9.1625
11.1375
10.5375
7.8125
8.9875
6.8375
9.175
9.1625
5.475
7.6125
6.05
6.8125
5.85
9.175
8.2
6.6375
7.4125
6.05
8.775
6.825
7.0375
11.325
6.6375
8.7875
6.6375
9.575
6.05
8.3875
5.6625
6.8375
7.6125
6.825
8.2
5.275
8.6
4.4875
5.8625
8.7875
9.375
6.8375
10.15
8.0125
6.0625
4.7
6.8375
6.825
9.75
5.075
9.1875
6.6375
7.8
8.4
6.825
7.825
8.0
7.0125
5.475
7.625
3.7125
5.0875
5.85
8.8
5.875
7.025
7.625
8.2125
6.825
5.875
6.2625
7.8125
6.0625
5.475
5.2625
5.8625
3.9
8.775
6.625
7.6125
6.8375
5.0625
3.9
8.2125
10.55
4.875
6.45
7.2125
5.4625
7.8
9.3625
9.375
6.6375
7.2125
4.4875
5.0875
7.625
9.575
8.9875
9.375
5.2625
8.4125
5.4625
8.5875
5.6625
5.6625
6.45
8.5875
9.375
