1.85192875639
1.85382514219
1.85358509335
1.85300897615
1.8532250201
1.69668917445
1.69702524282
1.69649713538
1.69628109143
1.69664116468
1.69697723305
1.69736131119
1.69930570675
1.70204226348
1.70353056626
1.7040586737
1.7043467323
1.70535493741
1.70597906438
1.70674722065
1.70744336228
1.49922500233
1.49459205981
1.49055923937
1.49096732239
1.49132739565
1.49171147378
1.49219157145
1.49286370819
1.49485611353
1.4953362112
1.49646444073
1.49711257258
1.4975206556
1.49788072886
1.49814478257
1.49857687048
1.49891293885
1.4992730121
1.50268170557
1.50284973975
1.50347386672
1.50407398881
1.50462610113
1.50556229159
1.50637845763
1.50693056996
1.50777074088
1.50825083855
1.50431403765
1.50493816462
1.50568231601
1.50515420857
1.50580234043
1.50630644298
1.50724263344
1.50777074088
1.50837086297
1.50909100947
1.51038727319
1.51115542946
1.51175555155
1.51230766387
1.51317183968
1.51381997154
1.51456412293
1.51773276755
1.51756473337
1.51778077732
1.51797281639
1.51806883592
1.51811684569
1.51816485546
1.51821286523
1.51934109475
1.51936509964
1.51950912894
1.50973914133
1.50981115598
1.51024324389
1.51031525854
0.17374734716
0.202841266027
0.209394599237
0.216668078954
0.237288273926
0.242545343425
0.247058261533
0.250707003833
0.283209616164
0.292691545168
0.303229689048
0.308126685293
0.31148736899
0.314944072222
0.334580066969
0.343821947137
0.347854767574
0.352343680798
0.355680359612
0.362041653754
0.365426342335
0.369507172539
0.373756036928
0.379229150378
0.382661848727
0.381677648501
0.385734473821
0.38916717217
0.392551860751
0.395504461428
0.398961164659
0.401889760453
0.406858771348
0.410147440395
0.413340089908
0.416244680818
0.419125266844
0.421837818686
0.426710810047
