2.01153722713
2.01139319783
2.0120173248
1.97454570158
1.93409747279
1.9365699758
1.91779815686
1.90920440854
1.90661188112
1.90701996414
1.90742804716
1.90968450622
1.91311720456
1.9135012827
1.88253498292
1.8829910757
1.88344716849
1.88385525151
1.88330313919
1.88373522709
1.88421532477
1.88457539802
1.88507950057
1.88548758359
1.88575163731
1.88575163731
1.8857756422
1.91575774175
1.91575774175
1.91057268691
1.91059669179
1.91059669179
1.91062069667
1.91062069667
1.91064470156
1.91069271133
1.91069271133
1.91074072109
1.90798015948
1.90793214972
1.90802816925
1.90805217413
1.9082442132
1.90853227181
1.91050067226
1.91102877969
1.91198897504
1.91256509224
1.91318921921
1.91376533642
1.91438946339
1.91494157571
1.91556570269
1.91594978082
1.91674194198
1.91782216174
1.91835026918
1.91899840103
1.91950250359
1.92010262568
1.92075075753
1.92142289427
1.92202301636
1.92267114822
1.92334328496
1.92391940216
1.92456753402
1.92519166099
1.92574377331
1.70281041975
1.70343454672
1.70403466881
1.70470680555
1.70528292276
1.70590704973
1.70650717182
1.70720331344
1.70775542576
1.70840355762
1.70897967483
1.70955579203
1.710179919
1.71082805086
1.71154819737
1.71212431457
1.71274844154
1.7133965734
1.71404470525
1.71462082246
1.71522094455
1.71584507152
1.71642118873
1.71706932058
1.71853361848
1.71925376499
1.71985388707
1.72045400916
1.72105413125
1.72165425334
1.72227838031
1.72292651217
1.72355063914
1.72412675635
1.72472687844
1.72535100541
1.72590311773
1.72825559632
1.72887972329
1.72952785515
1.730175987
1.73077610909
1.73137623118
1.73195234839
1.73260048024
1.73320060233
1.73384873419
1.73464089534
1.73521701255
1.73492895395
1.73550507115
