2.79983359815
2.80048173
2.80148993511
2.70818295274
2.70868705529
2.70909513831
2.70844700646
2.68732270893
2.68504224499
2.59036698426
2.57603606878
2.5764441518
2.57682822994
2.57721230807
2.58162920665
2.58160520176
2.5824213678
2.58246937757
2.58321352896
2.57334752182
2.57437973181
2.57548395646
2.57627611761
2.577020269
2.57846056202
2.58054898689
2.58249338245
2.58330954849
2.58330954849
2.55491177125
2.55397558079
2.55402359056
2.56216124608
2.56136908493
2.56182517771
2.56230527539
2.56292940236
2.56352952445
2.56424967095
2.56487379793
2.56554593466
2.56614605675
2.56677018373
2.56734630093
2.56813846209
2.56883460371
2.56960275999
2.57068297975
2.57154715555
2.57272339485
2.57310747298
2.57404366344
2.57171518974
2.57214727764
2.57298744857
2.573515556
2.5744037367
2.57500385879
2.57562798576
2.5763001225
2.57690024459
2.29973985908
2.30036398605
2.30096410814
2.30168425464
2.30228437673
2.30293250859
2.3037966844
2.30391670882
2.30482889439
2.30542901648
2.30602913857
2.30646122647
2.30706134856
2.30768547553
2.30857365622
2.30890972459
2.30953385157
2.31015797854
2.31071009086
2.31133421783
2.31193433992
2.31263048155
2.3134226427
2.31402276479
2.314598882
2.31699937035
2.31757548756
2.31817560965
2.31877573173
2.31937585382
2.31997597591
2.31889575615
2.31951988313
2.32098418102
2.32158430311
2.32225643985
2.32316862543
2.32350469379
2.32417683053
2.32477695262
2.32537707471
2.3259771968
2.32708142144
2.32736948005
2.32784957772
2.32837768516
2.33135429072
2.33197841769
2.3326985642
2.3353150965
2.33550713557
2.33608325278
2.33641932115
2.33725949207
2.33793162881
2.3385317509
2.33913187299
2.34018808786
2.34345275203
