1.73720941788
1.74191437506
1.7427305411
1.74796360572
1.60556663648
1.55515638101
1.55570849334
1.55537242497
1.55121958011
1.5554684445
1.55602055682
1.55666868868
1.55683672286
1.55842104518
1.55873310866
1.4541678359
1.36050078028
1.36069281935
1.35651596961
1.35670800868
1.35694805751
1.35735614053
1.35759618937
1.35788424797
1.35812429681
1.35973262401
1.35997267284
1.36016471191
1.36110090237
1.36153299027
1.36167701957
1.36186905864
1.36203709283
1.36875846022
1.3665980207
1.36686207442
1.36705411349
1.36751020628
1.36136495609
1.36165301469
1.36194107329
1.3626612198
1.36314131747
1.36491767885
1.36518173257
1.36556581071
1.36578185466
1.36611792303
1.36642998652
1.36686207442
1.36743819163
1.35747616495
1.35838835053
1.36050078028
1.36273323445
1.36321333212
1.36345338096
1.36378944933
1.36527775211
1.36566183024
1.36597389373
1.36623794745
1.36683806954
1.36290126863
1.36352539561
1.36383745909
1.36424554211
1.36465362513
1.36520573746
1.36544578629
1.36599789861
1.36638197675
1.36664603047
1.36717413791
1.36772625023
1.36124493167
1.36609391815
1.36652600605
1.36679005977
1.36715013302
1.36751020628
1.36907052371
1.36938258719
1.36971865556
1.37000671417
1.37029477277
1.36657401582
1.36734217209
1.36765423558
1.36782226976
1.36856642115
1.36873445534
1.36887848464
1.36909452859
1.36926256278
1.36947860673
1.3696706458
1.36988668975
1.37012673858
1.3703907923
1.37060683625
1.37231118299
1.37411154925
1.37547982762
1.37605594482
1.37663206203
1.37704014505
1.37761626225
1.37807235504
1.37855245271
1.37891252596
1.37353543205
1.37411154925
1.37454363716
1.37511975436
1.3755038325
1.37591191552
1.37747223295
1.38044883851
1.38085692153
