1.53763281602
1.54673066689
1.5503554043
1.5540041466
1.52999926305
1.53602448882
1.53734475742
1.54577047154
1.55263586824
1.55217977545
1.63362834535
1.63391640395
1.6355967458
1.62525064099
1.62498658727
1.62491457262
1.48304571082
1.48314173035
1.48587828708
1.49300773749
1.49908097303
1.49920099745
1.49948905605
1.50023320744
1.50023320744
1.50054527093
1.48076524688
1.48232556431
1.48302170594
1.48304571082
1.483213745
1.483213745
1.48419794523
1.4845340136
1.48448600383
1.48446199895
1.48455801848
1.48511013081
1.48513413569
1.4865744287
1.49480810376
1.50042524651
1.50160148581
1.50224961766
1.50224961766
1.50258568603
1.50349787161
1.47822072923
1.47901289038
1.47939696852
1.48242158385
1.4830697157
1.48369384268
1.48304571082
1.48326175477
1.48282966687
1.4830697157
1.48659843359
1.4827816571
1.4830697157
1.48971906845
1.49646444073
1.5045300816
1.50246566161
1.50164949557
1.50184153464
1.50188954441
1.50210558836
1.48503811615
1.4862863701
1.48650241405
1.48674246289
1.48693450196
1.48856683404
1.48878287799
1.48931098543
1.48991110752
1.49048722472
1.49094331751
1.49106334193
1.49127938588
1.49163945913
1.49932102187
1.50546627206
1.49917699257
1.50040124163
1.50076131488
1.50212959324
1.50397796928
1.49199953238
1.48844680962
1.48883088776
1.48935899519
1.49027118077
1.49123137611
1.49171147378
1.49257564959
1.49327179121
1.49367987423
1.49466407446
1.49567227957
1.49603235282
1.50275372022
1.50894698017
1.5153322792
1.51470815223
1.51509223036
1.51564434269
1.51598041105
1.51852492871
1.51893301173
1.50148146139
1.50246566161
1.50294575929
1.50349787161
1.50445806695
1.50517821346
1.50601838438
1.50654649182
1.50702658949
