3.08520365383
3.09055674286
3.0983823349
3.08049869665
3.08165093107
3.03508145697
3.027447904
3.0270158161
3.02499940588
3.02619965006
2.9712524716
2.97202062788
2.97158853997
2.9722846816
2.97170856439
2.97562136041
2.97617347273
2.97012424208
2.97142050579
2.97233269136
2.96445908956
2.96577935815
2.96791579279
2.96882797836
2.96983618347
0.713713197813
0.794105552834
0.802339227893
0.857190386812
0.861775319571
0.867392462323
0.878866796661
0.878818786894
0.889741008911
0.892957663307
0.896438371422
0.899847064887
0.90311172905
0.908488822966
0.910697272253
0.914610068272
0.916914537093
0.920059176839
0.922507674961
0.926276441679
0.92884496422
0.932757760239
0.93472616069
0.938470922524
0.94195163064
0.943727992023
0.94593644131
0.951169505924
0.953545989396
0.95580244845
0.957698834251
0.961467600969
0.962451801194
0.963556025838
0.951097491274
0.953473974745
0.95539436543
0.957002692628
0.959187137031
0.962763864681
0.96410813816
0.966964719302
0.974142179485
0.9757265018
0.976662692258
0.980575488277
0.981439664085
0.982471874078
0.983744132906
0.984488284297
0.985232435687
0.986168626145
0.976038565286
0.976998760628
0.978199004806
0.980935561531
0.98194376664
0.983816147557
0.986696733583
0.98849709985
0.989409285425
0.991017612623
0.99363414493
1.02925739212
1.03100974862
1.03350625651
1.03593074975
1.0378991502
1.03926742857
1.04073172646
1.04147587785
1.04246007808
1.043300249
1.04414041993
1.03379431512
1.03540264231
1.03674691579
1.04109179972
1.04445248341
1.04574874713
1.04704501084
1.04771714758
1.04891739175
1.05062173849
1.05172596313
1.05283018777
1.0535263294
1.05455853939
1.05820728169
1.06485663443
1.0662249128
1.06776122534
1.0684093572
1.06975363068
1.07049778207
