2.4188040815
2.42350903868
2.42454124867
2.42180469195
2.25643504915
2.25681912728
2.25657907845
2.2569391517
2.2445286269
2.24822537897
2.24685710061
2.2473131934
2.20064769977
2.20115180232
2.20155988534
2.2020639879
2.20095976325
2.20134384139
2.20172791953
2.20211199766
2.2024960758
2.20415241277
2.20693697926
2.20696098414
2.20868933576
2.20844928692
2.20912142366
2.20972154575
2.21029766296
2.21087378016
2.20972154575
2.21034567272
2.2093614725
2.20998559947
2.21101780946
2.21161793155
2.21224205852
2.21281817573
2.21349031247
2.21411443944
2.21473856641
2.2153386885
2.21591480571
2.2165149278
2.217091045
2.21771517197
2.21860335267
2.21927548941
2.21985160661
2.22047573358
2.22107585567
2.22167597776
2.22225209497
2.22285221706
2.22342833426
2.22422049542
2.22482061751
2.2254207396
2.22604486657
2.22659697889
2.22719710098
2.22784523283
2.22842135004
2.22897346236
2.22962159422
2.23024572119
1.95406953591
1.95469366288
1.95526978008
1.95589390706
1.95651803403
1.95707014635
1.95769427332
0.343389859233
0.457124997509
0.481201895714
0.485306730801
0.48806729241
0.491331956573
0.494236547483
0.495940894216
0.514856742456
0.51711320151
0.521770148919
0.525010808199
0.531612151176
0.533508536977
0.535644971613
0.574556887853
0.576525288305
0.578301649688
0.580438084324
0.588263676362
0.591072247738
0.609147925054
0.610972296204
0.613804872463
0.615581233846
0.617525629414
0.622782698912
0.624583065179
0.626599475397
0.628327827013
0.630104188396
0.637977790202
0.638961990427
0.639946190653
0.640858376228
0.641890586221
0.643546923186
0.644483113645
0.645731367589
0.649260085472
0.650364310115
0.651348510341
0.652380720334
0.654469145203
0.655285311244
0.656053467517
0.656917643325
