3.1125
1.375
4.3
2.1625
1.3625
3.5125
1.7625
1.5625
1.375
1.5625
3.525
1.9625
2.5375
1.95
2.15
1.1875
2.925
3.325
0.9875
3.3125
1.5625
1.375
1.95
1.1625
3.125
4.6875
2.75
2.1625
2.725
1.7625
2.35
1.95
1.9625
1.575
2.9375
0.975
2.725
1.95
1.75
3.325
0.7875
0.7875
1.9625
1.375
2.3375
3.5125
1.1625
2.15
0.7875
1.5625
3.325
1.175
3.125
1.375
0.975
3.125
2.7375
3.3125
1.375
1.7625
2.1625
2.3375
0.975
0.975
1.1875
2.15
1.5625
1.95
2.7375
2.15
2.5375
1.7625
1.375
0.9875
0.975
2.3375
0.7875
2.5375
1.95
1.5625
1.1625
1.7625
0.7875
2.925
1.5625
2.7375
2.15
2.35
2.55
1.7625
1.175
1.375
1.3625
1.575
1.375
3.3125
2.3375
0.975
1.1625
2.925
1.9625
1.775
1.175
1.3625
1.9625
1.7625
2.7375
1.5625
2.1375
2.3375
1.75
1.7625
2.75
1.5625
2.5375
1.7625
2.35
1.375
2.1375
1.9625
