1.7625
2.15
3.7125
2.15
1.55
1.3625
1.55
1.575
2.35
2.35
1.9625
1.375
1.5625
3.125
1.375
2.15
2.15
4.3
3.1125
2.725
2.7375
0.5875
2.35
1.1875
1.175
1.575
2.3375
2.5375
0.975
0.975
2.525
1.575
1.95
1.9625
1.5625
2.35
0.9875
1.9625
2.1625
2.15
2.1625
1.3625
1.95
1.5625
0.9875
3.7
1.5625
1.575
1.575
2.15
2.15
1.1625
1.1625
1.5625
1.5625
1.5625
1.3625
1.95
2.3375
1.7625
1.575
2.5375
1.95
2.35
1.3625
2.7375
2.5375
1.375
2.5375
2.5375
2.35
1.175
3.325
1.9625
2.35
0.7875
1.95
0.5875
1.7625
1.575
2.5375
0.975
2.55
1.5625
1.3625
2.925
1.3625
1.175
1.3625
4.1
2.1375
1.5625
1.95
2.35
1.95
2.725
0.975
1.175
2.7375
2.35
2.15
1.75
2.55
1.95
1.175
1.3625
2.7375
2.7375
1.75
1.375
1.3625
1.75
1.9625
2.1375
0.7875
0.4
1.7625
1.575
0.975
1.3625
