2.7451744783
2.74726290317
2.75098366012
2.74255794599
2.74421428295
2.69726073072
2.6822576785
2.68362595686
2.67764874086
2.59660825398
2.50313323743
2.48222498385
2.48332920849
2.48354525245
2.48409736477
2.49177892751
2.49449147935
2.49333924494
2.49417941586
2.49518762097
2.49650788957
2.49713201654
2.49941248048
2.5001086221
2.50061272465
2.50087677837
2.50094879302
2.50238908604
2.50188498348
2.50188498348
2.50188498348
2.49910041699
2.49936447071
2.49936447071
2.49953250489
2.49958051466
2.50118884186
2.50286918371
2.50330127161
2.50337328626
2.50351731556
2.5037573644
2.50409343277
2.50414144254
2.50430947672
2.50430947672
2.50481357927
2.5057977795
2.50584578927
2.50589379903
2.53330737605
2.53349941512
2.53525177162
2.53568385952
2.53638000115
2.53664405487
2.53760425021
2.53954864578
2.54120498274
2.24500872457
2.24560884666
2.24623297364
2.24695312014
2.24750523246
2.24808134967
2.25048183803
2.25319438987
2.24700112991
2.24815336432
2.250073755
2.25350645335
2.25535482939
2.25600296124
2.25703517124
2.25792335193
2.2589795668
2.24671307131
2.24832139851
2.24983370617
2.2513940236
2.25307436545
2.25482672195
2.25657907845
2.25845145936
2.25362647777
2.2550427659
2.25621900519
2.25777932263
2.25905158145
2.26063590377
2.26241226515
2.25595495148
2.25578691729
2.25705917612
2.25849946913
2.25945966447
2.26032384028
2.26157209423
2.26344447514
2.26867753976
2.270069823
2.27076596463
2.27148611113
2.27213424299
2.27319045787
2.27391060437
2.27455873623
2.27554293645
2.27712725877
2.27772738086
2.27837551271
2.27592701459
2.27698322947
2.27724728319
2.27818347365
2.2788316055
2.27938371782
2.28154415734
2.2821922892
2.25859548867
