4.3
2.7375
7.425
6.8375
7.225
8.2
4.5
5.85
4.6875
8.5875
4.3
4.7
5.4625
6.05
5.075
7.6125
6.25
8.5875
6.4375
5.8625
4.8875
3.9
6.4375
6.2375
5.075
4.3
4.875
5.075
6.25
5.475
5.0875
3.9
4.1
6.6375
5.4625
5.8625
4.475
7.025
3.7125
5.8625
3.9
7.025
8.0
4.8875
3.9125
4.1125
4.4875
7.4375
5.4625
4.8875
4.4875
6.05
4.875
3.9125
5.85
6.8375
7.4375
5.4625
5.675
4.5
3.7
5.675
6.6375
2.35
3.9
4.7
5.075
6.45
5.2625
7.8125
5.85
3.325
5.2875
4.1
3.9125
6.05
5.0875
4.1
4.8875
5.675
4.1125
5.2875
4.5
8.6
4.6875
7.025
6.8375
8.2
3.7125
5.075
5.475
4.1
9.0
6.25
4.6875
5.85
8.7875
7.225
5.8625
6.05
6.25
5.6625
6.6375
4.875
4.1125
7.4125
4.2875
5.475
5.0875
4.875
6.4375
4.8875
7.2125
4.1
3.9125
3.325
4.0875
3.9125
3.325
5.475
