1.175
0.5875
1.5625
1.3625
0.775
1.175
1.175
0.7875
1.5625
1.5625
0.7875
3.325
1.175
2.15
1.7625
2.7375
1.95
0.775
0.975
1.7625
1.5625
1.5625
1.5625
1.3625
1.75
2.15
2.525
1.3625
1.7625
2.5375
2.1375
1.95
1.7625
0.975
1.5625
1.75
1.7625
1.5625
1.3625
1.7625
2.7375
1.3625
2.15
1.375
2.3375
1.5625
1.3625
1.5625
1.5625
0.975
0.7875
0.975
1.3625
1.375
1.7625
1.375
1.5625
1.1625
0.975
1.7625
0.975
0.975
1.175
1.3625
0.9875
0.975
0.3875
1.9625
1.3625
0.975
1.1625
1.5625
1.9625
0.2
0.7875
0.775
1.3625
1.5625
1.175
0.775
0.775
0.7875
0.2
0.975
0.7875
0.5875
0.9875
1.175
1.1625
0.7875
0.975
0.2
0.975
1.375
1.375
0.5875
1.5625
0.975
1.3625
0.775
0.7875
0.975
1.175
1.3625
0.9875
1.3625
0.5875
1.175
1.175
0.3875
0.9875
0.4
0.2
0.7875
0.5875
0.5875
0.7875
0.7875
0.5875
1.95
