2.34438894249
2.34719751386
2.35007809989
2.30602913857
2.29652320468
2.25753927379
2.25809138611
2.25957968889
2.25084191128
2.25129800407
2.25057785756
2.2509619357
2.25129800407
2.25014576966
2.25052984779
2.25091392593
2.24851343757
2.25093793081
2.25132200895
2.18871727264
2.18910135078
2.18943741915
2.1897974924
2.18996552659
2.18996552659
2.18996552659
2.18970147287
2.18986950705
2.18691690638
2.18691690638
2.18691690638
2.18691690638
2.18691690638
2.18694091126
2.18696491614
2.18696491614
2.18718096009
2.18742100893
2.18742100893
2.18744501381
2.18744501381
2.1874690187
2.1874690187
2.1874690187
2.18749302358
2.18751702846
2.18797312125
2.18862125311
2.18917336543
2.18972547775
2.19034960472
2.19251004424
2.19306215657
2.19366227865
2.19423839586
2.19603876213
2.19678291352
2.19733502584
2.19769509909
2.19846325536
2.19911138722
2.19971150931
2.20028762651
2.20086374372
2.20143986093
2.2020639879
2.20266410999
2.20326423208
2.20386435416
2.2043924616
1.92115884055
1.92178296753
1.92235908473
1.9229832117
1.92358333379
1.92411144123
1.92471156332
1.92528768053
1.92593581238
1.92653593447
1.92711205168
1.92768816888
1.92840831539
1.92900843748
1.92960855957
1.93020868165
1.93080880374
1.9318890235
1.93289722861
1.93347334582
1.93414548256
1.93464958511
1.93522570232
1.93587383417
1.93642594649
1.93702606858
1.93762619067
1.93820230788
1.93880242997
1.93940255206
1.93961859601
1.940650806
1.94122692321
1.94180304041
1.9424031625
1.94453959714
1.94509170946
1.94573984131
1.94626794875
1.94686807084
1.9475162027
1.94804431013
1.94866843711
1.9492685592
1.94989268617
1.95049280826
1.95106892546
1.95181307685
1.95241319894
1.95303732591
