2.41059441133
2.41359502177
2.41193868481
2.41285087038
2.40020029675
2.36884991883
2.3680097479
2.3658253035
2.31836764871
2.31215038387
2.31414278921
2.31277451085
2.31433482828
2.31435883316
2.31287053038
2.31464689176
2.3097739004
2.31171829597
2.31289453526
2.31301455968
2.31543905292
2.31462288688
2.31687934593
2.31819961453
2.31755148267
2.31985595149
2.32040806382
2.32105619567
2.31606317989
2.31543905292
2.31800757546
2.3188237415
2.31944786847
2.32004799056
2.31939985871
2.32153629334
2.32254449845
2.32355270356
2.32508901611
2.32038405893
2.32292857659
2.324080811
2.32098418102
2.32362471821
2.32362471821
2.32573714797
2.32631326517
2.32530506006
2.34011607321
2.33941993159
2.34220449808
2.34292464459
2.34191643948
2.34402886923
2.34309267877
2.34030811228
2.34134032228
2.34102825879
2.34330872273
2.34292464459
2.34566120131
2.34650137224
2.34609328922
2.34897387525
2.34923792896
2.35204650034
2.35322273963
2.35223853941
0.230926979785
0.253947663113
0.298020629317
0.306878431348
0.309206905053
0.317992692433
0.323297771699
0.328626855848
0.327474621437
0.328434816779
0.333115769072
0.333883925346
0.338852936241
0.34012519507
0.339957160885
0.344782142479
0.344734132712
0.347998796875
0.367586781855
0.363361922349
0.369123094402
0.370011275094
0.376300554585
0.415404509893
0.412115840847
0.415140456174
0.41578858803
0.419077257077
0.430743630484
0.432495986984
0.439457403214
0.439073325077
0.441905901337
0.450043556861
0.450211591046
0.452660089169
0.452420040333
0.455420650777
0.456404851003
0.45578072403
0.45794116355
0.45868531494
0.461061798412
0.463318257466
0.515888952448
0.51860150429
0.519921772885
0.522610319843
0.52373854937
0.523474495651
0.525514910753
0.524962798432
