1.60811115413
1.60823117855
1.6104876376
1.61067967667
1.60993552528
1.58566658801
1.58050553805
1.58052954293
1.58060155758
1.58064956735
1.58062556246
1.4141756999
1.41434373409
1.42130515032
1.41873662778
1.41902468638
1.41969682312
1.41988886219
1.42003289149
1.42022493056
1.42034495498
1.42048898428
1.42065701846
1.41479982688
1.41518390501
1.41537594408
1.41537594408
1.41527992455
1.41547196362
1.41547196362
1.41631213454
1.41652817849
1.417248325
1.41712830058
1.41717631035
1.41691225663
1.41652817849
1.41655218338
1.41643215896
1.41657618826
1.42183325776
1.41876063266
1.41852058383
1.41736834942
1.41736834942
1.41789645686
1.41756038849
1.41732033965
1.41734434453
1.41729633477
1.41098305039
1.41100705528
1.41117508946
1.41148715295
1.41151115783
1.41165518713
1.41167919201
1.4117031969
1.41175120667
1.4118472262
1.40774239111
1.40781440576
1.40783841065
1.40793443018
1.40798243995
1.40695022995
1.40695022995
1.41273540689
1.41163118225
1.41167919201
1.4119912555
1.41208727504
1.41110307481
1.40906265971
1.40915867924
1.40908666459
1.40707025437
1.40507784904
1.40382959509
1.40387760486
1.39658012026
1.39638808119
1.39658012026
1.39660412514
1.39662813003
1.39674815444
1.39679616421
1.3968201691
1.39684417398
1.39686817886
1.39727626188
1.39730026677
1.39734827653
1.39766034002
1.39766034002
1.39773235467
1.40171716534
1.40171716534
1.40193320929
1.40193320929
1.40198121906
1.40246131673
1.4025093265
1.40274937533
1.40315745835
1.40418966835
1.40452573672
1.40409364881
1.40207723859
1.40210124348
1.39278734866
1.39285936331
1.39096297751
1.39101098728
1.39127504099
1.39149108495
1.39158710448
1.39168312401
1.39192317285
1.39381955865
