1.84290292017
1.83793390927
1.85240885406
1.84734382363
1.86078655842
1.83109251746
1.70470680555
1.70674722065
1.7555731538
1.76409488746
1.76488704862
1.76392685328
1.76673542465
1.76716751256
1.47425992344
1.46917088813
1.4695069565
1.47858080248
1.48523015522
1.48715054591
1.48743860451
1.48767865335
1.48928698054
1.48892690729
1.48952702938
1.47267560112
1.47466800646
1.47526812855
1.47584424575
1.47284363531
1.473731816
1.47397186484
1.47423591856
1.47447596739
1.4769484704
1.47356378182
1.48078925177
1.48184546664
1.4903672003
1.49608036259
1.50004116838
1.50133743209
1.50200956883
1.50402597905
1.50513020369
1.48938300008
1.490223171
1.49099132728
1.48688649219
1.48895091217
1.49015115635
1.49077528332
1.49118336634
1.49137540541
1.49195152262
1.49223958122
1.49394392795
1.4941599719
1.49586431864
1.5040979937
1.51146749295
1.51247569806
1.5103632683
1.51161152225
1.51242768829
1.51379596665
1.49800075327
1.4846780429
1.48487008197
1.48501411127
1.48527816499
1.48722256056
1.48736658986
1.48763064358
1.48777467288
1.4880387266
1.4884708145
1.48508612592
1.4858542822
1.48640639452
1.49367987423
1.50023320744
1.50726663832
1.50568231601
1.50652248693
1.50712260902
1.50892297529
1.50937906808
1.49336781075
1.49440002074
1.49485611353
1.49552825027
1.49677650421
1.49747264584
1.49790473374
1.49836082653
1.49879291443
1.5004492514
1.50155347604
1.50133743209
1.50510619881
1.51302781038
1.52061335358
1.52270177845
1.5230618517
1.52337391519
1.52358995914
1.52402204705
1.52668658912
1.51014722435
1.51072334156
1.51117943434
1.51216363457
1.51273975178
1.51341188851
1.51581237687
1.51655652826
1.51703662593
1.52176558799
1.52066136335
