1.9497006471
1.95572587287
1.96071888865
1.94266721622
1.88073461665
1.84818399455
1.76402287281
1.76318270189
1.74825166432
1.74858773269
1.74904382548
1.74810763502
1.75029207942
1.74762753735
1.74882778152
1.74923586454
1.74969195733
1.7500280257
1.74865974734
1.74913984501
1.74133825786
1.74177034576
1.74193837994
1.74265852645
1.74280255575
1.74275454598
1.74285056552
1.74465093179
1.73742546184
1.74232245808
1.74246648738
1.74246648738
1.74253850203
1.74102619437
1.74102619437
1.74109820902
1.7411222139
1.74114621879
1.74124223832
1.74121823344
1.7412662432
1.74133825786
1.74136226274
1.74136226274
1.74141027251
1.74145828227
1.74148228716
1.74155430181
1.74155430181
1.74160231157
1.74203439948
1.74285056552
1.74349869737
1.74412282435
1.74469894155
1.74534707341
1.74597120038
1.74657132247
1.74717144456
1.74772355688
1.7484196985
1.74901982059
1.74954792803
1.750172055
1.75084419174
1.75146831871
1.7520684408
1.75266856289
1.75326868498
1.75386880707
1.75446892916
1.75586121241
1.75648533938
1.75706145658
1.55719679612
1.55777291332
1.55842104518
1.5591171868
1.55971730889
1.56007738214
1.56096556283
1.56158968981
1.56226182655
1.56283794375
1.56343806584
1.56406219281
1.56468631978
1.56528644187
1.56593457373
1.56651069093
1.56886316952
1.56907921348
1.57008741858
1.57071154556
1.57104761393
1.57186377997
1.57253591671
1.57140768718
1.5719597995
1.5734240974
1.57402421949
1.57462434158
1.57539249785
1.57596861506
1.5769288104
1.57760094714
1.57817706434
1.57880119131
1.57942531829
1.58002544038
1.58067357223
1.58127369432
1.58187381641
1.58252194827
1.58309806547
1.58372219244
1.58439432918
1.58499445127
1.58561857824
1.58621870033
