2.15
2.3375
4.4875
1.375
0.975
1.175
1.7625
1.5625
0.975
2.55
1.175
1.375
1.775
0.9875
1.375
2.525
0.975
3.125
3.9
1.5625
0.775
1.7625
2.35
2.35
1.3625
1.95
1.3625
1.775
1.7625
1.75
1.95
1.9625
2.1375
1.175
1.3625
0.975
1.9375
2.15
1.575
0.4
1.375
0.3875
0.9875
1.75
0.4
0.7875
1.7625
1.375
0.7875
1.7625
1.7625
1.9625
1.175
1.75
0.5875
1.175
2.5375
2.35
1.575
1.5625
1.1875
1.5625
1.175
2.3375
2.1375
1.575
0.5875
1.7625
1.175
0.7875
1.9625
2.15
0.975
1.175
1.5625
1.175
2.55
0.9875
0.975
1.55
1.1625
1.3625
2.35
0.6
1.7625
1.75
1.75
1.55
1.375
2.15
1.375
1.1875
1.75
1.5625
2.3375
2.3375
1.175
0.5875
1.375
1.375
1.175
2.925
0.7875
2.3375
2.35
1.7625
1.5625
1.7625
2.15
1.7625
2.9375
1.175
1.9625
0.975
1.175
1.175
1.7625
2.1375
2.5375
0.975
