2.23437456116
2.20986557505
2.23127793118
2.24280027529
2.22690904238
2.06991710394
2.10830091274
2.14526843341
2.1458685555
2.1410435739
2.14149966669
2.14185973995
2.14402017947
2.02257947357
2.02289153705
2.02320360054
1.89818616699
1.62685896819
1.63014763724
1.6369170144
1.64323029877
1.64200604971
1.64210206924
1.64349435249
1.64378241109
1.64452656248
1.63403642837
1.63449252116
1.63504463348
1.63533269208
1.63566876045
1.63689300951
1.63792521951
1.63862136113
1.64051774693
1.62793918795
1.62832326609
1.63662895579
0.19184702936
0.226918164231
0.253707614277
0.317560604529
0.325794279588
0.331987539545
0.337868736016
0.352967807771
0.360241287488
0.368066879526
0.373179919723
0.377380774345
0.384246171041
0.388351006129
0.392623875401
0.398673106057
0.40335405835
0.413940211997
0.426494766095
0.43213591373
0.444330394575
0.454196401716
0.460509686091
0.464446486993
0.468287268362
0.470927805553
0.473976425764
0.458541285639
0.462766145145
0.46699100465
0.470423702998
0.475632762729
0.483626388953
0.488931468218
0.494668635387
0.498461406989
0.504534642528
0.5124562541
0.515480869428
0.518889562893
0.528923604218
0.538669586941
0.542894446446
0.545102895733
0.546255130144
0.547119305952
0.548607608732
0.55096008732
0.540397938557
0.542414348775
0.543278524583
0.544238719925
0.54507889085
0.53967779205
0.540710002043
0.543254519699
0.544214715042
0.545558988521
0.546447169212
0.548679623383
0.549663823608
0.559169757495
0.567211393486
0.573068585073
0.572540477635
0.573716716929
0.574844946456
0.575757132031
0.576621307839
0.561354201899
0.562818499796
0.564378817227
0.56581911024
0.566947339767
0.568219598595
0.569275813471
0.570308023464
0.575925166216
0.576525288305
0.577533493414
0.578421674105
0.579285849913
