1.7294558405
1.72791952795
1.73334463163
1.68471073755
1.68195017594
1.68204619548
1.68060590246
1.68238226385
1.68238226385
1.68089396107
1.68247828338
1.68094197083
1.68247828338
1.67940565829
1.67794136039
1.67947767294
1.67794136039
1.6795256827
1.67954968759
1.67801337504
1.67959769736
1.67806138481
1.67962170224
1.67962170224
1.67810939458
1.67964570712
1.67810939458
1.67964570712
1.67969371689
1.67818140923
1.67974172666
1.67822941899
1.67981374131
1.67981374131
1.67827742876
1.67986175107
1.67832543853
1.67990976084
1.67993376573
1.67846946783
1.68002978526
1.6785174776
1.68007779503
1.68029383898
1.67902158015
1.68058189758
1.6790935948
1.680701922
1.6812780392
1.68036585363
1.6824542785
1.68147007827
1.68358250803
1.68415862523
1.68317442501
1.68526284987
1.68430265453
1.68641508428
1.68715923567
1.68634306963
1.68867154334
1.5846583829
1.58677081265
1.58734692986
1.58636272963
1.58852316915
1.58749095916
1.58969940845
1.59025152077
1.58926732054
1.59135574541
1.59046756472
1.59265200912
1.59322812633
1.5922439261
1.59438036074
1.59344417028
1.59553259515
1.59610871236
1.59514851701
1.597212937
1.59625274166
1.59841318118
1.59541257073
1.59450038516
1.59699689305
1.59618072701
1.59850920071
1.59930136187
1.59862922513
1.60172585511
1.60076565977
1.60367025068
1.60427037276
1.60335818719
1.60549462183
1.60453442648
1.60667086112
1.60722297344
1.60635879763
1.60880729576
1.60943142273
1.61154385248
1.61214397457
1.61139982318
1.61358426758
1.61260006736
1.61468849223
1.61526460943
1.61425640432
1.61701696593
1.61620079989
1.61828922476
1.61886534197
1.61795315639
1.62020961544
1.61958548847
1.62193796706
1.6226101038
1.62167391334
