5.85
4.3
5.6625
6.6375
6.05
8.1875
7.6125
7.225
6.25
5.4625
5.075
8.9625
6.2375
5.4625
4.1
2.925
5.075
4.6875
5.0875
5.475
5.6625
7.025
2.925
4.5
4.7
3.7125
4.8875
5.8625
8.0125
7.425
5.4875
5.075
5.6625
3.525
4.875
7.425
3.7
5.275
6.05
3.5125
5.6625
7.4125
7.425
5.2625
4.5
5.65
3.7125
3.125
5.675
6.4375
5.275
7.8125
5.2875
4.8875
5.85
5.275
7.225
5.8625
5.6625
5.6625
6.25
3.7125
3.9125
5.0875
4.8875
6.45
4.2875
4.8875
4.7
3.5125
4.1
7.025
8.0
5.0875
4.8875
6.05
4.5
3.5125
6.2375
5.675
6.25
3.3125
5.075
4.1
4.475
3.9
6.05
6.05
6.2625
5.45
5.8625
4.6875
3.9125
4.6875
5.075
6.25
5.475
5.4625
4.7
5.6625
3.9
3.325
5.4625
5.6625
6.0375
3.325
4.8875
3.525
6.4375
7.425
5.275
5.275
4.4875
4.3125
2.35
5.075
6.25
6.2625
4.8875
3.1125
