4.875
7.8
3.5125
3.5125
4.4875
5.275
4.675
6.45
5.475
4.7
4.3
5.475
4.4875
4.675
3.325
4.1
3.7125
3.9125
3.125
3.125
4.5
2.7375
3.7
5.0875
4.4875
3.125
2.15
3.7125
4.6875
3.125
3.5125
3.7
3.525
2.5375
2.3375
3.3125
1.95
3.325
4.8875
3.325
3.125
2.7375
4.1
4.3
4.3
4.5
4.1
5.275
2.925
3.125
3.7125
3.325
3.9125
4.4875
4.3
4.1
3.7125
3.9125
3.3125
4.4875
3.9125
3.5125
3.5125
3.525
3.125
3.325
3.325
5.4625
3.7
3.7125
3.5125
3.125
3.325
3.7125
5.6625
4.1
3.9125
4.3
1.5625
2.7375
3.5125
3.9
3.325
5.0875
2.9375
2.1375
2.3375
4.0875
3.325
4.4875
5.4625
4.8875
4.6875
3.1375
2.15
3.1125
3.125
4.6875
2.3375
4.3
2.9375
2.5375
3.5125
3.9125
3.1375
4.3
3.5125
4.875
3.7
2.5375
3.7125
3.325
3.125
3.9125
4.5
3.5125
3.125
3.3125
4.6875
3.7125
