2.6913075196
2.69728473561
2.69766881374
2.70508632276
2.69080341705
2.64874686106
2.6498510857
2.64997111012
2.64901091478
2.6307431984
2.53066683886
2.53124295607
2.53395550791
2.53426757139
2.53153101467
2.53181907327
2.53210713187
2.5314830049
2.45361116265
2.45452334823
2.46297306724
2.46340515514
2.46378923328
2.46426933095
2.46477343351
2.46532554583
2.46698188279
2.46731795116
2.46904630278
2.46904630278
2.46904630278
2.46907030766
2.46907030766
2.46909431255
2.46911831743
2.46911831743
2.46914232231
2.46873423929
2.46907030766
2.46947839068
2.46856620511
2.46683785349
2.46683785349
2.46683785349
2.4637652284
2.46414930653
2.46414930653
2.46414930653
2.12920916631
2.1299533177
2.13067346421
2.13134560095
2.13208975234
2.13256985001
2.13350604047
2.13415417232
2.13537842139
2.13650665091
2.16711287744
0.660566385625
0.730876689554
0.756465895422
0.778958471311
0.782823257564
0.788080327062
0.793649460046
0.797778300017
0.802339227893
0.805459862754
0.80894057087
0.810788946903
0.819766773352
0.822071242174
0.824927823316
0.826896223768
0.829800814678
0.834433757204
0.836402157655
0.844251754577
0.846412194097
0.823295491235
0.856014147518
0.8576464796
0.859374831216
0.861031168181
0.862255417242
0.873633732046
0.875386088546
0.877402498764
0.878746772243
0.879658957818
0.880715172695
0.881771387571
0.882659568263
0.883739788022
0.885060056618
0.886116271494
0.890821228671
0.891805428896
0.898070703504
0.898838859778
0.900687235811
0.901455392085
0.902295563009
0.901527406736
0.904383987878
0.905128139269
0.90601631996
0.907072534836
0.907576637391
0.908536832733
0.909545037842
0.910529238068
0.911297394342
0.91216157015
0.914129970601
0.915042156176
0.91614638082
0.916866527326
0.917610678716
