7.8125
9.7625
10.925
14.45
12.7
12.1125
9.55
15.8
9.9625
18.1625
9.375
11.9
10.925
10.5375
11.125
9.75
10.1375
3.9125
2.5375
3.3125
1.375
3.325
3.325
1.95
9.1875
10.15
12.7
8.4
8.2
9.175
10.7375
3.3125
7.425
2.5375
2.5375
4.4875
1.175
10.1625
8.6
8.5875
8.0125
7.6
9.5625
11.1375
11.7
10.15
16.9875
11.7125
9.1625
9.175
13.4625
8.775
11.7
9.775
7.6125
10.75
16.9875
12.1125
12.2875
13.475
13.8625
12.7
11.525
16.4125
13.2875
12.1125
13.2875
9.375
10.9375
7.625
7.8125
7.225
5.6625
9.175
9.5625
10.9375
7.2375
9.175
10.925
11.9125
12.675
10.1375
13.4625
13.0875
11.525
9.7625
14.05
13.875
10.9375
9.9625
13.85
12.3
13.0625
9.75
7.025
7.225
7.8
9.375
13.0875
11.125
15.0125
9.5625
8.775
10.15
12.8875
9.9625
8.5875
14.85
10.9375
8.7875
10.1625
9.175
12.7
14.45
9.9625
8.4
9.1625
8.975
13.0875
9.95
