3.7125
8.2
5.675
2.9375
3.3125
3.125
2.725
0.975
0.7875
0.775
1.375
1.175
0.975
1.3625
1.75
0.975
1.75
1.375
1.9625
1.175
2.35
0.975
0.775
1.95
1.5625
1.75
1.5625
0.7875
0.7875
1.7625
1.7625
0.7875
0.4
0.975
0.9875
0.7875
1.95
0.9875
1.3625
0.9875
1.7625
1.75
2.15
0.0
2.925
0.7875
0.3875
1.7625
0.975
1.5625
0.975
1.175
0.4
1.175
2.7375
0.3875
0.5875
1.3625
1.175
1.5625
2.35
0.775
0.5875
2.35
2.3375
2.15
1.9625
0.7875
0.3875
0.5875
1.375
0.5875
1.375
1.95
0.975
1.375
0.975
2.15
1.375
1.5625
1.375
1.7625
1.3625
1.95
0.7875
0.775
1.3625
1.7625
0.975
0.5875
0.0
0.3875
0.5875
0.2
0.3875
0.2
1.95
0.5875
0.975
0.975
0.3875
0.2
0.3875
0.5875
0.3875
0.7875
0.775
0.5875
0.975
0.5875
0.5875
0.2
0.5875
0.2
0.3875
0.2
0.775
0.2
0.2
2.35
