6.2375
5.4625
9.3625
14.2625
11.5125
4.1
5.475
4.3
1.5625
0.7875
2.35
2.725
2.9375
4.4875
4.8875
4.6875
3.7
1.95
2.15
1.175
3.325
2.35
2.5375
1.95
3.525
2.15
3.125
4.3
2.9375
2.7375
2.7375
1.95
1.75
1.5625
3.9
0.0
2.55
2.15
3.125
4.1
3.325
4.1
3.1375
2.5375
2.55
2.7375
1.7625
3.3125
1.95
2.35
1.5625
2.7375
2.15
2.35
3.325
3.125
2.35
6.25
6.4375
3.5125
3.325
5.4625
3.9125
6.25
5.4625
5.0625
4.3
5.2625
2.55
5.075
6.25
5.6625
4.4875
6.25
4.1
4.3
8.0
3.7125
7.225
5.85
7.2125
5.4625
5.275
4.6875
4.6875
5.4625
4.8875
3.7
5.275
5.275
4.2875
10.5375
7.225
11.325
6.65
6.65
7.225
6.45
5.0625
6.05
5.85
5.6625
7.225
5.2625
3.9
4.1125
5.275
10.15
10.15
6.825
5.2625
4.6875
3.7125
3.1375
5.65
7.2125
7.4125
4.1
5.8625
4.1
