6.8375
4.5
3.325
4.6875
3.7125
8.2
4.3
6.4375
8.3875
9.9625
5.075
2.7375
3.5125
1.5625
3.9
3.525
3.5125
3.5125
5.075
3.7125
4.8875
3.125
4.5
3.9
2.9375
4.1
2.35
1.7625
1.5625
1.175
0.4
1.75
2.15
1.375
2.925
2.7375
2.925
3.525
4.6875
1.375
3.5125
3.5125
1.375
1.5625
4.1125
6.05
5.275
6.6375
8.6
4.6875
5.8625
6.2625
7.4125
4.2875
7.4125
5.4625
8.2
5.4625
4.6875
6.25
5.475
5.0875
7.4125
5.075
4.2875
4.1
4.1
5.275
5.075
5.275
4.2875
4.6875
5.475
5.4625
5.475
4.5
4.6875
5.4625
4.1
3.5125
5.275
6.05
5.6625
4.5
6.05
5.275
5.6625
6.0625
7.8
5.275
6.8375
6.45
4.4875
5.6625
4.4875
12.3
7.2375
6.825
5.8375
5.85
6.05
4.5
6.05
5.275
5.85
5.075
4.6875
5.075
3.7125
3.7125
5.85
5.075
5.6625
5.8625
4.3
5.4625
5.075
4.2875
6.05
4.4875
