1.3625
1.375
6.25
3.7125
4.5
1.95
1.95
2.35
0.775
2.35
2.15
1.75
0.7875
1.5625
1.3625
1.5625
7.425
3.125
1.175
1.9625
2.3375
2.15
3.325
2.15
3.125
1.5625
2.15
1.95
1.75
7.025
4.875
6.0625
6.0625
7.4125
2.925
5.075
2.15
4.2875
1.95
2.5375
2.15
3.125
2.3375
1.95
1.95
4.1125
2.7375
2.7375
2.7375
2.35
1.7625
2.5375
1.9625
1.95
1.175
1.75
1.7625
1.7625
2.15
1.95
1.5625
3.125
2.7375
3.5125
3.325
1.75
2.35
0.2
0.4
0.0
0.5875
0.4
0.5875
1.375
0.5875
0.2
0.0
0.0
0.2
0.5875
1.3625
2.5375
1.7625
3.125
2.55
1.7625
2.15
1.95
2.15
1.5625
8.7875
4.2875
1.5625
2.525
2.15
3.1375
2.5375
1.5625
2.15
2.3375
6.6375
4.4875
0.775
0.4
0.5875
0.7875
0.7875
2.35
1.95
1.95
1.575
1.175
1.75
1.3625
1.5625
1.95
1.5625
2.925
2.3375
4.1
