3.9
8.1875
6.45
8.4
7.8125
4.6875
6.4375
7.825
6.8375
6.8375
7.8125
6.0375
4.1
5.275
7.8125
6.65
5.2625
8.6
7.6125
6.05
4.8875
7.225
5.8625
3.5125
6.6375
5.0875
4.875
6.65
4.4875
5.8625
7.225
9.5625
6.0625
5.075
4.4875
3.9
3.5125
5.475
3.9
4.8875
2.1375
2.7375
5.85
3.325
2.15
4.875
4.6875
6.4375
4.2875
4.6875
5.4625
7.025
7.2125
6.2375
4.6875
5.65
4.2875
11.9125
6.45
3.7125
5.8625
3.7
4.4875
4.6875
5.2625
3.9125
5.8625
4.5
4.2875
6.65
4.8875
2.5375
3.7125
6.2375
6.05
4.4875
4.6875
8.0125
6.4375
8.2
5.075
7.625
6.6375
4.875
4.4875
3.9
8.9875
3.9
7.8
6.6375
6.05
5.075
4.8875
5.4625
5.4625
4.6875
2.725
3.9125
3.7125
5.8625
4.4875
6.45
4.675
4.4875
5.4625
5.475
6.625
5.275
8.4
4.4875
8.9875
4.875
5.85
8.2
6.8375
7.8
6.625
16.4125
5.075
5.0875
