0.775
1.175
1.3625
1.95
3.125
2.7375
0.975
1.575
1.175
8.6
5.675
7.225
2.5375
2.15
2.35
4.1
4.1125
5.8625
3.525
1.5625
1.7625
1.5625
0.5875
5.8625
0.5875
7.225
6.8375
3.7
3.3125
1.175
0.775
2.1375
1.3625
1.575
1.375
1.95
3.325
1.5625
1.575
7.8125
2.5375
1.7625
5.85
7.425
1.95
3.7125
2.5375
6.8375
5.475
4.1
5.0625
3.7
2.3375
2.35
1.95
0.975
1.5625
1.175
2.15
0.975
2.15
7.425
6.05
2.15
2.5375
0.9875
0.975
0.5875
0.975
1.7625
3.9125
7.0125
1.3625
0.975
1.75
1.5625
0.9875
1.5625
2.15
1.5625
4.7
1.375
0.975
2.15
3.3125
1.175
0.5875
2.15
1.9625
2.35
8.5875
2.35
0.2
4.4875
4.3
1.7625
1.5625
7.0375
2.7375
1.95
1.75
2.15
2.7375
1.175
1.175
1.95
1.375
0.7875
2.725
1.175
0.5875
0.9875
1.9625
4.6875
4.8875
2.15
1.5625
1.9625
1.5625
1.375
