1.57901723527
1.57769696667
1.58038551363
1.5884511545
1.58365017779
1.58540253429
1.58449034872
1.58607467103
1.58607467103
1.58453835848
1.5868428273
1.58547454894
1.58698685661
1.58698685661
1.65232814964
1.59858121536
1.5970689077
1.59865323001
1.59836517141
1.59682885886
1.59927735699
1.59788507374
1.59963743024
1.60050160605
1.5995414107
1.60143779651
1.60023755233
1.60222995766
1.60311813835
1.60184587953
1.60393430439
1.60268605045
1.60434238742
1.60475047044
1.60513454857
1.60712695391
1.60652683182
1.60921537878
1.60988751552
1.61139982318
1.61730502453
1.61584072664
1.61754507337
1.61788114174
1.61644084873
1.61596075106
1.54910715036
1.55366807823
1.55434021497
1.55316397568
1.5559005324
1.55448424427
1.55990934796
1.56113359702
1.55971730889
1.56125362144
1.55976531866
1.56134964097
1.56139765074
1.55993335284
1.56146966539
1.56000536749
1.56182973864
1.56192575818
1.56038944563
1.56300597794
1.56146966539
1.5661266128
1.57186377997
1.57068754067
1.57688080063
1.5548923273
1.55642863984
1.5569327424
1.55602055682
1.55813298657
1.36162900981
1.36304529794
1.363237337
1.36191706841
1.36357340537
1.36383745909
1.36405350304
1.36434156165
1.36287726375
1.36453360072
1.36474964467
1.36609391815
1.36664603047
1.3705348216
1.37862446736
1.38004075549
1.38460168337
1.38993076752
1.36354940049
1.36594988885
1.3696706458
1.36947860673
1.37120695834
1.36974266045
1.37151902183
1.37211914392
1.37046280695
1.37231118299
1.37144700718
1.37555184227
1.37591191552
1.37478368599
1.37663206203
1.37571987645
1.36429355188
1.36450959583
1.36592588396
1.37279128066
1.34955455338
1.35176300267
1.35289123219
1.35219509057
1.357260121
1.35786024309
