1.05863936959
1.11416266525
1.05537470543
1.07412251949
1.08528479034
1.10568894136
1.12023590079
1.02498452285
1.0196554387
1.0498775871
1.05767917425
1.07481866111
1.08163604804
1.09371050447
1.12472481402
1.08919758636
1.07990769642
1.08346041919
1.11289040642
1.1231404917
1.13454281139
1.16354071072
1.17479900111
1.18344075919
1.24566141736
1.11236229899
1.10981778133
1.12434073588
1.13065402025
1.15199436173
1.15561909915
1.10047988163
1.09841546164
1.09843946653
1.09843946653
1.09843946653
1.09843946653
1.08535680499
1.08103592595
1.0812519699
1.09618300747
1.0595035454
1.05957556005
1.0593595161
1.0593595161
1.0593595161
1.0593595161
1.0593595161
1.0593595161
1.0595035454
1.0595035454
1.05955155517
1.05955155517
1.05955155517
1.05955155517
1.05952755028
1.05952755028
1.05710305705
1.05710305705
1.05856735494
1.05856735494
1.05875939401
1.05851934518
1.05859135983
1.05859135983
1.05859135983
1.05875939401
1.05875939401
1.05875939401
1.05875939401
1.05875939401
1.05875939401
1.0593595161
1.0593595161
1.0593595161
1.0593595161
1.05938352098
1.05943153075
1.05945553563
1.05952755028
1.05955155517
1.05957556005
1.05959956494
1.05969558447
1.05974359424
1.05976759912
1.059791604
1.05818327681
1.05825529146
1.05827929634
1.05830330122
1.05832730611
1.05835131099
1.05839932076
1.05842332564
1.05844733052
1.05849534029
1.05854335006
1.05856735494
1.05861536471
1.05863936959
1.05875939401
1.05878339889
1.05880740378
1.05885541355
1.05887941843
1.05890342331
1.0589274282
1.05897543796
1.05899944285
1.05902344773
1.0590714575
1.05909546238
1.05911946726
1.05911946726
1.0592154868
1.05916747703
1.0590714575
1.05914347215
1.05916747703
