3.3125
2.7375
0.775
1.3625
1.7625
0.975
1.5625
0.775
0.775
1.95
1.5625
1.7625
0.7875
0.975
2.3375
1.175
1.5625
1.3625
0.975
0.775
1.5625
1.3625
1.175
2.5375
1.75
1.5625
1.175
0.7875
1.175
1.7625
2.35
3.5125
2.15
1.95
0.7875
1.175
1.175
0.975
1.5625
1.3625
1.175
1.3625
1.175
1.175
0.975
0.7875
1.7625
1.3625
1.7625
1.3625
0.975
0.3875
0.3875
0.0
0.7875
0.7875
0.7875
0.3875
0.5875
0.975
1.3625
0.5875
0.775
0.7875
0.7875
1.175
0.7875
0.7875
0.3875
0.2
0.3875
0.2
0.0
0.2
0.975
0.975
0.975
0.975
0.7875
0.975
0.7875
0.775
1.5625
0.2
1.175
0.2
0.775
0.3875
0.975
0.5875
1.3625
1.175
0.975
1.175
1.3625
0.975
0.975
0.3875
1.175
0.5875
0.5875
1.3625
0.975
1.7625
0.2
0.775
1.175
1.175
1.95
1.5625
1.95
1.5625
1.3625
2.15
1.75
1.175
1.175
1.7625
1.3625
1.3625
