4.875
3.125
6.05
4.4875
6.4375
5.8625
4.3
5.2625
6.25
4.6875
7.0375
4.6875
6.05
4.4875
6.05
6.825
4.1
6.25
5.8625
6.05
6.25
5.0625
5.6625
4.8875
5.8625
5.275
4.3
5.475
3.7125
5.075
4.6875
5.275
5.8625
6.6375
6.25
6.45
6.6375
6.05
7.225
6.25
6.25
7.0375
5.075
5.6625
4.8875
4.6875
5.6625
5.6625
4.8875
4.6875
3.5125
4.1
3.7125
4.3
4.2875
5.475
3.9
4.8875
4.4875
3.9125
3.7125
4.8875
3.5125
3.7125
4.1
4.4875
3.9125
4.1
3.5125
2.925
3.5125
4.6875
4.3
4.3
3.7125
3.7125
3.7125
3.9125
3.5125
4.2875
4.4875
3.125
4.3
2.5375
3.7125
3.125
3.9125
3.7125
2.925
4.4875
3.9
4.2875
3.7125
3.7125
3.125
3.7125
4.1
4.4875
3.9
4.6875
4.3
3.5125
4.3
2.925
2.925
3.7125
3.7125
2.7375
4.3
3.5125
3.7125
3.7125
3.325
3.7125
3.9
4.2875
4.2875
3.9125
4.3
3.7125
