2.11161358667
2.14375612575
2.17846718736
2.12339998449
2.1644003256
2.13220977676
2.16598464792
2.14478833574
2.15083756639
2.18461243755
2.15969536843
2.19351824935
2.17438635716
2.20540066671
2.27496681925
2.20331224184
2.2297896284
2.21022564831
2.24930559873
2.24959365733
2.22873341353
2.26591697815
2.24407253412
2.27676718552
2.2591235961
2.26313241166
2.29604310701
2.27760735644
2.30830960251
2.29112210588
2.32146427869
2.32878576818
2.30864567088
2.34114828321
2.32350469379
2.35279065173
2.39484720772
2.34066818554
2.37204256834
2.35339077382
2.38337287338
2.36642542559
2.40087243349
2.40478522951
2.38752571823
2.41477126107
2.39878400862
2.43068649886
2.46006847633
2.40802588879
2.40658559577
2.40824193274
2.40877004018
2.40761780577
2.40973023552
2.29822755141
2.30041199582
2.30082007884
2.3001479421
2.30230838162
2.30144420581
2.3056930702
2.30636520694
2.30103612279
2.30305253301
2.30158823511
2.30326857696
2.30439680649
2.30319656231
2.30506894323
2.304084743
2.30610115322
2.30682129973
2.30545302136
2.30703734368
2.3062691874
2.31022999319
2.30794952925
2.30648523136
2.30876569529
2.307589456
2.30946183692
2.30917377831
2.30842962692
2.30979790529
2.30864567088
2.31020598831
2.03438987628
2.03306960768
2.03539808139
2.03472594465
2.03662233045
2.03779856974
2.03638228161
2.03813463811
2.03695839882
2.03883077973
2.03928687252
2.03926286764
0.354024022647
0.366914645115
0.37579645203
0.446394814561
0.447162970835
0.452900138004
0.454892543339
0.464374472343
0.466222848376
0.471119844621
0.475488733428
0.479881627118
0.484778623363
0.488715424266
0.489939673327
0.493684435161
0.498077328852
0.508879526451
0.524290661692
0.525418891219
0.529355692122
