3.3125
7.0375
5.6625
3.5125
2.15
4.2875
3.5125
4.6875
3.325
2.15
2.5375
1.3625
4.3
3.7125
4.6875
5.075
3.5125
3.7125
2.5375
4.1
4.4875
3.325
3.125
1.175
3.9
3.3125
2.925
3.7125
2.3375
1.5625
2.15
2.925
1.3625
2.35
2.925
3.5125
3.325
4.6875
4.6875
4.1
3.7125
3.125
5.075
2.5375
3.325
0.975
0.5875
0.7875
0.7875
0.3875
0.3875
0.775
1.95
2.7375
1.7625
3.7125
2.7375
3.9
2.5375
2.925
2.7375
1.5625
0.2
1.5625
2.15
1.5625
2.15
3.125
0.975
2.7375
3.125
3.325
1.7625
1.7625
2.35
4.1
3.5125
2.5375
3.125
3.7125
2.35
1.175
2.925
1.7625
1.95
3.9
4.8875
2.7375
3.325
3.125
1.5625
2.5375
2.7375
2.7375
3.125
3.325
2.35
3.5125
2.15
1.95
1.95
3.325
2.15
2.5375
3.125
2.925
3.125
3.125
4.1
1.95
1.3625
3.7125
2.35
4.2875
1.5625
2.35
2.7375
3.7125
2.7375
3.7125
