3.9125
3.5125
4.1
4.2875
3.7125
3.5125
4.1
2.7375
3.9125
3.9125
2.925
4.1
3.5125
3.3125
3.7125
3.9
3.5125
2.15
4.6875
3.125
2.35
2.5375
2.35
2.7375
3.125
1.7625
3.5125
2.7375
3.7125
3.5125
3.7125
4.3
2.7375
3.9125
4.1
2.7375
5.075
3.125
4.4875
4.4875
4.6875
2.925
3.7125
3.9125
1.95
3.9
3.7125
3.325
3.5125
4.8875
3.9125
3.5125
4.4875
3.125
3.7125
3.5125
3.9125
4.3
3.125
3.7125
4.1
3.7125
5.275
2.925
3.125
4.4875
3.5125
4.2875
4.3
3.5125
4.3
3.5125
3.5125
2.7375
2.925
2.35
3.325
3.125
3.9125
2.925
4.1
2.925
4.1
2.15
2.5375
2.5375
3.5125
3.7125
3.125
3.5125
3.9125
2.925
2.3375
3.325
3.125
2.15
3.5125
2.5375
3.7125
2.35
2.7375
4.1
2.925
3.7125
2.5375
2.3375
4.1
3.5125
2.35
2.5375
4.1
3.7125
3.5125
3.7125
4.1
4.8875
3.7125
3.7125
4.2875
4.1
