1.06917751347
1.0716260116
1.08295631663
1.10280835533
1.12570901424
1.14433680388
1.15710740193
1.17777560667
1.19150640006
1.21255868294
1.22772976934
1.24506129527
1.09131001611
1.09817541281
1.09632703677
1.09596696352
1.09594295864
1.09594295864
1.0959909684
1.09596696352
1.09440664609
1.09443065097
1.09443065097
0.976302619005
0.967372802323
0.962931898866
0.960603425161
0.958130922155
0.957818858669
0.957770848902
0.957722839134
0.958490995408
0.953858052882
0.953954072416
0.953954072416
0.954074096834
0.95181763778
0.949393144541
0.947376734323
0.947352729439
0.947376734323
0.947376734323
0.947376734323
0.947352729439
0.947352729439
0.947328724556
0.947328724556
0.947304719672
0.947256709905
0.947256709905
0.947136685487
0.947136685487
0.947328724556
0.947328724556
0.947328724556
0.947496758741
0.947400739206
0.948264915014
0.948120885713
0.948288919898
0.948648993151
0.948697002918
0.948672998035
0.948600983384
0.948552973617
0.948552973617
0.948528968733
0.948336929665
0.948312924781
0.948312924781
0.948144890597
0.948072875946
0.948024866179
0.948072875946
0.947808822227
0.946896636652
0.946896636652
0.945912436426
0.945384328988
0.943896026208
0.943896026208
0.9430318504
0.942935830865
0.942743791797
0.942095659941
0.942119664825
0.941087454832
0.940031239955
0.938182863922
0.938206868805
0.937990824853
0.939023034846
0.938951020196
0.938999029963
0.938975025079
0.938734976244
0.938758981127
0.938134854155
0.937894805319
0.937846795552
0.937870800436
0.937798785785
0.937654756484
0.937390702765
0.937414707648
0.937126649045
0.937030629511
0.936742570909
0.936718566025
0.936742570909
0.93655053184
0.935758370683
0.934918199759
0.935110238827
0.935134243711
0.935110238827
0.935014219293
0.934606136272
0.934582131389
0.934630141156
