6.25
7.025
6.25
5.275
7.225
5.075
4.4875
5.8625
5.075
4.8875
4.3
5.475
4.4875
4.1
6.825
5.4625
6.05
5.6625
6.05
7.4125
6.25
5.075
4.8875
4.6875
5.8625
5.85
6.05
5.275
5.275
4.6875
6.4375
7.225
5.8625
5.6625
4.4875
4.4875
4.875
4.8875
3.5125
3.9
4.3
4.6875
3.5125
3.9125
3.7125
4.1
4.875
4.1
4.8875
3.9
5.275
4.3
3.9
5.4625
4.2875
3.9
3.9125
3.7125
4.875
5.475
5.4625
4.3
4.1
4.1
3.7125
4.4875
3.9125
5.075
4.4875
4.3
3.9125
4.4875
4.875
4.8875
5.475
4.8875
6.25
4.875
4.6875
4.8875
4.1
4.4875
4.3
4.6875
3.325
3.9125
4.4875
3.5125
5.475
4.6875
4.4875
4.6875
4.6875
4.4875
4.3
3.9125
3.7125
4.6875
3.7125
4.3
5.075
4.8875
5.075
5.075
4.1
3.7125
3.5125
4.4875
4.3
4.4875
4.1
4.1
3.9125
4.2875
4.1
4.6875
3.3125
4.4875
5.075
4.6875
