2.35
2.925
1.95
3.3125
4.3
1.95
0.9875
2.3375
2.35
1.95
2.5375
2.725
3.325
2.15
2.5375
2.3375
2.7375
2.725
2.15
2.5375
2.925
2.725
2.1375
2.15
3.5125
2.3375
2.925
1.7625
1.95
2.15
2.1375
0.7875
2.525
1.9625
1.95
3.325
3.125
1.5625
3.1125
2.3375
3.325
1.95
2.35
3.525
3.125
2.5375
2.15
1.375
1.75
2.9375
2.7375
1.375
2.35
1.5625
2.35
2.925
2.15
1.95
3.5125
2.55
2.7375
2.9375
2.9375
2.3375
2.55
2.7375
3.125
2.1375
2.15
1.75
3.125
2.15
2.7375
2.35
2.15
1.95
2.7375
3.125
2.925
1.95
2.925
1.95
2.15
3.325
1.175
2.35
1.95
1.95
1.95
1.375
1.5625
1.95
2.925
1.3625
2.15
2.15
1.5625
2.3375
1.175
3.5125
2.3375
3.325
2.7375
2.15
2.525
3.125
2.9375
1.9625
3.125
1.95
2.35
1.5625
2.7375
1.375
1.3625
2.525
1.3625
2.15
2.925
2.5375
