5.0875
4.8875
3.7
5.6625
4.4875
3.325
4.5
3.325
3.9
4.1
3.7125
3.325
4.1125
3.9
6.6375
4.2875
2.5375
3.125
2.9375
3.325
4.3
4.1
4.1125
3.5125
2.5375
4.3
4.1
3.7125
2.9375
4.3
3.125
3.125
4.2875
2.9375
4.6875
2.5375
4.1
4.6875
3.7125
4.1125
2.7375
3.5125
3.525
3.7125
4.3
3.325
2.725
2.7375
4.4875
4.2875
2.7375
4.1
3.5125
4.4875
3.7125
3.5125
5.275
3.7
3.125
3.7125
3.1375
3.9125
4.5
3.7125
3.7125
4.8875
3.9
4.1
3.125
4.4875
5.2625
4.1
3.1375
3.125
3.7
4.1125
3.7
2.9375
3.5125
3.9
3.3125
3.325
2.5375
3.9
3.7125
6.05
3.7125
4.1125
2.9375
4.4875
5.075
4.3
3.125
3.9125
4.0875
3.1375
3.125
4.1
4.1
3.525
3.325
3.7125
2.5375
3.9125
4.1125
2.5375
3.125
2.7375
3.5125
4.1
4.1
4.2875
4.1
3.5125
3.9
3.325
4.1
4.4875
3.7125
3.7125
