1.91006858435
1.91251708248
1.91150887737
1.91402939014
1.91266111178
1.91674194198
1.91695798593
1.91618982966
1.91880636197
1.91818223499
1.92053471358
1.92070274777
1.91940648406
1.8520487808
1.85310499568
1.90428340742
1.86741190628
1.86589959861
1.86813205278
1.86685979396
1.86861215046
1.86863615534
1.86717185744
1.86892421394
0.120216456836
0.168106199525
0.240120850186
0.260404976788
0.256372156351
0.264173743506
0.26892671045
0.272887516236
0.275288004592
0.281385245014
0.284817943362
0.284481874993
0.288874768683
0.293603730743
0.301981435103
0.304165879507
0.30851076343
0.30966299784
0.310575183415
0.314800042921
0.315208125941
0.319937088001
0.323321776582
0.324810079363
0.32675447493
0.327474621437
0.331675476059
0.334003949764
0.334292008366
0.339813131583
0.341493473432
0.34924705082
0.348334865245
0.357528735646
0.362329712357
0.363553961418
0.367442752554
0.371091494854
0.372651812285
0.375748442263
0.377140725509
0.381629638734
0.383502019651
0.383574034302
0.388543045197
0.389695279608
0.396632690955
0.395552471195
0.395816524914
0.399513276981
0.400329443022
0.403786146254
0.406738746931
0.407170834835
0.411419699224
0.412283875032
0.416676768722
0.419005242427
0.419557354748
0.423062067747
0.424862434014
0.430671615834
0.431655816059
0.434032299531
0.438185144386
0.439313373913
0.443586243185
0.445194570383
0.445890712006
0.448939332218
0.44989952756
0.453332225908
0.456644899838
0.456956963325
0.523114422398
0.508687487382
0.51238423945
0.513224410374
0.513608488511
0.517065191743
0.516993177092
0.520185826605
0.522322261241
0.521986192871
0.524794764247
0.525202847267
0.528875594451
0.530435911882
0.530531931416
0.533628561395
0.534156668833
0.539605777399
0.538429538105
0.538741601591
0.541694202269
0.541718207152
