5.8625
4.6875
2.5375
3.7125
6.25
3.7125
4.4875
5.275
4.5
3.9125
1.7625
3.7
4.8875
3.7125
3.7125
3.3125
4.8875
4.8875
3.7125
6.05
5.275
3.7125
4.3
4.4875
4.4875
3.9
5.675
3.5125
3.9125
3.5125
3.125
5.2625
5.6625
4.3
3.7
4.0875
4.1
4.3
3.9125
3.5125
3.5125
2.925
2.7375
2.9375
2.5375
3.7125
3.5125
3.525
2.15
3.9125
3.125
2.925
2.5375
2.9375
3.325
3.9125
3.325
3.325
3.525
2.9375
3.325
2.7375
2.725
3.125
2.7375
2.3375
3.125
4.8875
2.7375
2.9375
3.1125
3.5125
2.55
3.325
2.925
3.325
3.525
3.325
2.3375
3.125
1.75
2.725
3.7125
3.7125
2.9375
2.55
1.5625
3.7125
3.125
2.9375
2.7375
3.5125
3.525
3.5125
4.1
3.3125
2.925
3.525
2.15
3.5125
2.35
2.5375
3.325
4.2875
2.9375
3.525
2.7375
2.3375
3.9125
2.725
3.325
2.925
3.125
3.1375
3.5125
3.325
2.5375
2.5375
4.4875
3.9
