1.95
1.95
1.5625
1.95
2.725
3.3125
1.7625
1.175
2.15
2.7375
1.175
1.9625
1.9625
2.9375
1.95
1.7625
0.7875
2.5375
2.725
3.5125
1.75
2.15
2.55
1.95
1.9625
0.975
2.525
2.1375
0.9875
3.1125
1.5625
1.7625
2.7375
2.5375
2.7375
1.5625
1.95
3.7125
2.15
1.175
1.95
1.9625
1.9625
2.15
2.15
0.975
1.7625
2.15
1.7625
1.3625
1.175
2.3375
1.1625
0.7875
1.95
1.375
2.5375
2.3375
0.975
1.375
1.175
0.5875
0.975
1.175
0.9875
1.7625
1.95
2.35
1.95
1.175
0.975
1.3625
1.3625
1.75
1.3625
1.75
0.975
0.5875
1.75
0.775
1.3625
1.3625
0.5875
1.3625
1.175
1.375
1.175
1.5625
0.7875
1.375
1.3625
0.5875
1.9625
2.3375
2.5375
2.525
0.7875
1.575
3.125
1.5625
0.5875
0.9875
2.35
1.5625
1.5625
1.175
1.3625
2.15
1.7625
1.375
0.7875
0.975
1.9625
1.75
2.15
1.5625
1.7625
1.3625
1.75
1.175
