2.925
0.975
2.3375
1.75
1.7625
2.7375
1.375
1.95
3.125
1.7625
1.9625
2.35
0.975
2.3375
3.125
1.5625
1.5625
1.5625
1.9625
1.3625
1.175
1.5625
2.15
0.975
1.175
1.1625
0.9875
1.95
1.7625
1.5625
2.15
1.9625
0.975
1.375
1.5625
1.3625
1.5625
2.7375
1.3625
2.15
2.55
1.95
1.5625
1.75
1.7625
1.3625
1.75
1.3625
1.5625
1.175
1.5625
1.9625
1.7625
1.5625
1.3625
1.95
1.3625
1.5625
1.3625
1.5625
1.95
1.5625
1.75
1.175
1.95
2.5375
1.75
0.9875
2.1375
1.9625
1.7625
1.7625
2.1375
0.775
1.5625
2.5375
1.3625
1.75
1.95
1.3625
0.975
0.9875
1.175
1.95
1.375
1.175
2.7375
0.975
1.7625
1.175
1.5625
2.15
1.3625
1.95
1.175
1.5625
1.1625
1.7625
1.3625
0.7875
1.95
1.75
2.35
1.375
2.15
1.175
1.5625
1.7625
1.7625
1.375
1.5625
1.375
2.5375
1.5625
1.95
1.5625
1.95
0.9875
2.3375
0.7875
