5.8625
4.6875
4.3
5.8625
6.05
4.2875
5.275
4.5
4.6875
3.9
6.05
5.4625
4.3
4.8875
6.6375
5.275
5.4625
4.6875
4.6875
4.1
4.2875
3.7125
4.8875
4.4875
5.4625
5.275
4.3
3.7125
4.1
4.1
4.4875
6.05
3.125
5.0875
4.5
3.7125
4.6875
4.5
2.5375
5.075
3.7125
4.5
4.3
5.075
5.85
5.4625
4.875
3.125
3.5125
4.875
4.8875
4.4875
3.9125
3.7125
4.2875
5.2625
4.5
3.9125
4.1
4.2875
4.6875
5.275
4.1
4.0875
5.6625
5.075
3.7125
3.7125
4.1125
4.6875
4.875
5.275
4.4875
5.6625
4.8875
6.0625
5.6625
3.325
5.65
4.1
4.1
5.675
4.875
3.3125
4.3
4.8875
5.275
5.475
4.6875
6.0625
5.275
4.2875
4.8875
3.9
6.625
4.2875
4.5
4.6875
5.0875
3.5125
4.4875
4.8875
4.4875
5.4625
5.4625
4.1
4.8875
5.6625
4.1
5.675
4.6875
4.2875
3.325
4.6875
4.2875
6.25
8.4
5.075
5.8625
5.0875
