0.711480743642
0.727419986322
0.745423648987
0.759682549818
0.774901645991
0.639202039263
0.651156471273
0.674369193669
0.691244626807
0.704447312761
0.716449754538
0.703703161371
0.717674003599
0.677345799229
0.674033125299
0.692516885635
0.706367703446
0.717818032901
0.727900083993
0.741582867619
0.75159290406
0.739542452517
0.744991561083
0.757930193319
0.764867604665
0.783375369885
0.792617250053
0.775837836449
0.730348582116
0.73774208625
0.757594124949
0.76395541909
0.784431584762
0.793073342841
0.80901258552
0.795377811662
0.806324038562
0.829200692589
0.842115319941
0.859854928887
0.848476614082
0.812517298519
0.819574734284
0.828768604685
0.851381204992
0.857502450298
0.858654684709
0.858654684709
0.858678689593
0.862831534447
0.87797861597
0.85008494128
0.850877102438
0.850997126855
0.855318005895
0.816190045703
0.821087041948
0.817078226394
0.808412463432
0.808412463432
0.805771926241
0.817966407086
0.820438910092
0.820438910092
0.820462914975
0.826560155398
0.832081278615
0.832081278615
0.832081278615
0.832081278615
0.836546186956
0.839522792517
0.839522792517
0.839714831585
0.839714831585
0.839714831585
0.846796272234
0.851981327081
0.852365405218
0.852389410102
0.852389410102
0.858822718894
0.862303427009
0.85258144917
0.852677468704
0.821015027297
0.829224697472
0.833089483725
0.834433757204
0.834433757204
0.834457762087
0.834529776738
0.843195539701
0.845860081775
0.845860081775
0.834937859758
0.834961864642
0.840795051345
0.842859471331
0.842883476214
0.842907481098
0.842907481098
0.842907481098
0.841827261338
0.853853707998
0.858846723777
0.858870728661
0.858870728661
0.861247212133
0.870153023931
0.874881985991
0.874881985991
0.875050020176
0.849316785007
0.849724868027
0.849724868027
0.849748872911
0.849748872911
0.859494855633
0.859638884935
