1.87547754715
1.87154074625
1.87310106368
1.87677381086
1.91859031801
1.87058055091
1.87739793784
1.87859818201
1.87552555692
1.88287105129
1.87775801109
1.87972641154
1.88683185707
1.88131073386
1.88371122221
1.88872824287
1.88764802311
1.8897124431
1.89300111215
1.88870423799
1.88721593521
1.89352921958
1.89055261402
1.88747998893
1.89372125865
1.88779205242
1.88932836496
1.89590570306
1.89148880448
1.89592970794
1.90070667977
1.89648182026
1.89885830373
1.90205095325
1.8974420156
1.89612174701
1.90231500697
1.89929039164
1.89626577631
1.90250704603
1.89645781538
1.89806614258
1.90351525114
1.8974420156
1.90058665535
1.90560367601
1.90130680186
1.90325119742
1.90668389577
1.9025550558
1.90313117301
1.90922841343
1.90661188112
1.91422142921
1.91878235708
1.91534965873
1.92019864521
1.9209427966
1.91669393221
1.92209503101
1.74030604786
1.73771352044
1.7424424825
1.7425865118
1.73843366695
1.74181835553
1.74431486342
1.74311461924
1.74534707341
1.74570714666
1.74155430181
1.74678736642
1.75154033337
1.74568314178
1.75216446034
1.75130028453
1.74894780594
1.75492502195
1.75552514404
1.75317266545
1.75715747612
1.75910187168
1.74409881946
1.74724345921
1.74582717108
1.7428745704
1.74606721992
1.66759525558
1.66545882094
1.66879549976
1.66903554859
1.66445061583
1.67109996858
1.67021178789
1.66745122628
1.67129200765
1.6713640223
1.66982770975
1.67170009067
1.67170009067
1.66877149487
1.67184411997
1.67338043252
1.66723518233
1.67338043252
1.67184411997
1.66730719698
1.67292433973
1.67494074995
1.67729322853
1.68516683034
1.68819144567
1.69037589007
1.69666516956
1.69512885701
1.69212824657
1.69548893027
1.69556094492
1.69095200728
1.69539291073
