1.77189647462
1.77336077252
1.77388887995
1.8065115167
1.80497520416
1.79026021054
1.78135439874
1.77859383713
1.77989010084
1.78070626688
1.78089830595
1.7809703206
1.78159444757
1.78209855013
1.78224257943
1.78248262827
1.7827226771
1.78289071129
1.78409095546
1.78471508244
1.78555525336
1.7878357173
1.78764367823
1.78793173683
1.78805176125
1.78821979544
1.7885558638
1.78877190776
1.78903596148
1.79573332399
1.79628543631
1.79671752421
1.79774973421
1.79806179769
1.79882995397
1.79911801257
1.79947808582
1.79988616884
1.80084636418
1.80115842767
1.80132646186
1.80161452046
1.80190257906
1.80233466696
1.80778377553
1.80792780483
1.80809583902
1.80835989274
1.80879198064
1.80485517974
1.80504721881
1.80521525299
1.80540729206
1.72167825822
1.72489491262
1.72943183561
1.73092013839
1.73096814816
1.73140023606
1.73147225071
1.73154426537
1.73413679279
1.73420880744
1.73425681721
1.73432883186
1.73440084651
1.45834468564
1.45844070518
1.4630736477
1.46931491743
1.47133132765
1.47260358647
1.47802869016
1.47894087573
1.47918092457
1.47946898317
1.4795650027
1.47987706619
1.48018912968
1.48018912968
1.48028514921
1.48050119316
1.480741242
1.48107731037
1.48129335432
1.48150939827
1.48174944711
1.48206151059
1.48239757896
1.48290168152
1.48254160826
1.48254160826
1.48280566198
1.48302170594
1.48333376942
1.48376585733
1.48465403802
1.48489408685
1.48703052149
1.48722256056
1.48743860451
1.49187950797
1.49754466049
1.49992114396
1.50016119279
1.50037723675
1.50383393998
1.50959511203
1.51257171759
1.51273975178
1.51281176643
1.51305181526
1.51362793247
1.51790080174
1.51876497755
1.51917306057
1.52010925103
1.52020527056
1.52037330475
1.5204453194
