4.1
3.9
4.0875
4.3
5.075
2.3375
3.9
4.3
4.5
5.8625
4.8875
3.5125
3.5125
3.525
3.3125
5.275
3.9
4.4875
5.8625
2.7375
4.1125
2.5375
5.0875
7.225
3.7125
3.9
2.7375
3.325
3.525
5.275
3.125
4.1
3.5125
3.5125
2.5375
3.7125
4.1
3.3125
4.3
5.275
4.6875
3.5125
1.95
3.3125
4.6875
2.3375
4.3
3.125
4.4875
3.1375
3.125
3.325
3.5125
4.3
3.1375
2.3375
3.7125
4.1
2.7375
2.925
4.7
3.525
4.875
5.0875
2.925
2.9375
3.7125
4.5
4.6875
3.7
4.8875
5.8625
5.475
2.925
3.325
4.2875
5.275
3.3125
2.7375
4.4875
3.5125
2.925
4.6875
2.925
3.3125
2.7375
1.7625
3.3125
2.5375
2.5375
2.7375
2.7375
3.5125
3.525
5.0875
4.5
2.15
4.8875
2.925
4.1
2.35
4.1
2.3375
4.1
3.525
2.9375
2.9375
2.7375
3.125
2.5375
2.3375
4.8875
3.7
3.7
2.3375
2.5375
3.525
3.1125
3.3125
2.7375
