1.59944539117
1.62808321725
1.63761315602
1.61464048246
1.64915950501
1.62520263122
1.65820934611
1.68953571915
1.64409447458
1.67710118947
1.64330231342
1.67434062786
1.65460861358
1.66699513349
1.6954409205
1.67378851554
1.70957979691
1.6896077338
1.72321457077
1.72962387468
1.71308450991
1.74409881946
1.72403073681
1.757181481
1.73980194531
1.7444828976
1.77765764667
1.75679740286
1.78985212752
1.77091227439
1.80324685254
1.81160055202
1.79290074773
1.82439515495
1.80555132136
1.83814995323
1.87209285857
1.82381903775
1.85771393332
1.83855803625
1.87209285857
1.85156868313
1.88546357871
1.89192089239
1.87156475113
1.90569969555
1.8951135419
1.92286318729
1.92468755844
1.92523967076
1.8644593056
1.86467534955
1.86549151559
1.86580357908
1.86625967187
1.8664997207
1.78512316546
1.78557925824
1.78550724359
1.78557925824
1.78577129731
1.78656345847
1.78939603473
1.79165249378
1.78821979544
1.78821979544
1.78874790287
1.78898795171
1.78910797613
1.69755335025
1.69738531607
1.69767337467
1.69844153095
1.69899364327
1.69920968722
1.6993777214
1.70031391186
1.70271440022
1.70129811209
1.70204226348
1.70276240998
1.70333852719
1.70369860044
1.70398665905
1.70499486416
1.70489884462
1.70530692764
1.70564299601
1.70537894229
1.70561899113
1.70578702531
1.70710729391
1.70804348437
1.70943576761
1.7100358897
1.71025193365
1.71046797761
1.71058800202
1.71190827062
1.71337256852
1.71111610946
1.7113561583
1.71157220225
1.7119322755
1.71253239759
1.71346858805
1.71570104222
1.72064604823
1.7186536429
0.193935454229
0.233399482791
0.239256674378
0.245065856198
0.253731619161
0.263477601883
0.355848393797
0.359185072611
0.371931665778
0.374260139483
0.377140725509
