1.48194148618
1.48100529572
1.4826376278
1.52699865261
1.48340578407
1.48811074125
1.48683848242
1.48856683404
1.48873486822
1.48823076567
1.49257564959
1.49132739565
1.4931517668
1.49396793284
1.54632258387
1.50647447717
1.50460209625
1.50635445275
1.50652248693
1.50664251135
1.50930705343
1.50801078972
1.50969113156
1.50969113156
1.50837086297
1.51024324389
1.50897098506
1.51120343923
1.51163552713
1.5103632683
1.51204361015
1.51081936109
1.51276375666
1.51341188851
1.5119715955
1.51396400084
1.51458812781
1.51338788363
1.51535628408
1.51406002037
1.5159083964
1.51619645501
1.51485218153
1.51701262105
1.51622045989
1.51847691894
1.51866895801
1.51797281639
1.51972517289
1.51842890918
1.52030129009
1.52145352451
1.52078138777
1.52253374426
1.52123748055
1.52716668679
1.52750275516
1.5264225354
1.5284629505
1.52865498957
1.53105547793
1.53143955606
1.53026331677
1.5322557221
1.53115149746
1.53309589303
1.53391205907
1.53165560002
1.5334319614
1.53213569769
1.53396006884
1.53405608837
1.53441616162
1.53645657673
1.53537635697
1.53768082579
1.53861701625
1.53760881114
1.54207371948
1.54070544111
1.5426258318
1.54303391482
1.54183367064
1.5440901297
1.54543440317
1.32802217283
1.32799816795
1.32658187982
1.32838224608
1.32718200191
1.32910239259
1.25994432307
1.25848002518
1.26013636214
1.25872007401
1.26044842563
1.260784494
1.19285067354
1.19419494702
1.18389685198
1.18399287151
1.18468901313
1.18370481291
1.18588925731
1.18519311569
1.18704149172
1.18704149172
1.18843377497
1.19023414123
1.18874583845
1.19030615588
1.19030615588
1.18876984334
1.19033016077
1.18879384822
1.19033016077
1.19138637564
1.19025814612
1.19721956235
1.2009403193
