3.9
2.925
6.0375
4.4875
5.6625
3.7
4.2875
3.125
3.9
2.55
4.6875
2.5375
2.15
2.7375
1.7625
4.3
4.8875
4.1
3.7
2.15
4.8875
3.7125
5.275
4.4875
4.1
3.525
4.3
4.7
3.9125
4.5
5.4625
5.075
3.9125
1.7625
5.275
5.275
4.1
4.1
3.7125
4.675
6.625
4.3
2.7375
4.8875
4.5
6.6375
3.125
5.275
5.475
4.3
4.5
3.3125
4.1
5.075
4.5
5.475
6.2375
6.8375
3.325
4.1
4.3
6.4375
3.5125
3.7
4.8875
6.6375
5.275
4.1125
4.4875
5.075
2.9375
3.325
3.7125
5.2625
4.5
5.6625
4.6875
5.275
5.8625
4.5
4.1
5.275
3.325
3.5125
2.925
4.2875
4.1
3.9
4.3
4.3
3.9
4.3
4.2875
2.5375
4.3
5.2625
5.0875
5.275
4.5
4.8875
5.8625
2.55
3.9125
3.3125
4.1
3.3125
5.275
5.85
4.3
6.0625
2.7375
4.5
4.5
6.05
5.0875
4.3
4.3
4.675
4.6875
5.275
