0.881939421756
0.891397345876
0.902871680215
0.915834317334
0.93215763815
0.939887210654
0.961731654688
0.971837710664
0.9793752441
1.00647675763
1.0101735097
1.01699089663
1.04601280084
0.890989262856
0.896510386073
0.922123596825
0.927788749343
0.957890873319
0.966052533727
0.975222399245
0.916362424772
0.921331435667
0.951649603595
0.956042497286
0.962859884215
0.972965940191
0.998387111874
1.0098854511
1.0339623493
1.04385236132
0.996322691888
0.92161949427
0.933285867677
0.946440543864
0.959235146798
0.990825573555
0.996346696772
1.00366818626
1.03184991955
1.03698696463
1.06831333767
0.968717075802
0.977046770395
1.00215587859
1.01156579294
1.04065971181
1.04481255667
1.07861143271
1.08223617013
1.09301436284
1.11447472874
1.12722132191
1.16183636399
1.16718945302
1.19844381141
1.20218857324
1.16630127233
1.12822952701
1.13243038164
1.15679533844
1.15991597331
1.16913384859
1.19841980653
1.20406095416
1.23236271187
1.23982823066
1.14164825692
1.14762547293
1.15369870847
1.10439267765
1.11514686548
1.13691929486
1.15295455708
1.16428486211
1.19155440983
1.19942801163
1.2323147021
1.23723570323
1.19186647332
1.21116639969
1.2196161187
1.24026031856
1.25103851127
1.27117860858
1.27146666718
1.27084254021
1.27434725321
1.27840407853
1.22933809654
1.22909804771
1.21044625319
1.21049426295
1.21068630202
1.1860572915
1.1939308933
1.1939308933
1.20101233395
1.2025486465
1.22664954958
1.22664954958
1.22986620398
1.22986620398
1.23207465327
1.23207465327
1.23207465327
1.23593943952
1.23593943952
1.2396121867
1.24712571526
1.25963225959
1.2575678396
1.25759184448
1.25759184448
1.25759184448
1.25759184448
1.273771136
1.24628554433
1.24938217431
1.26025638656
1.27249887717
