0.789496615191
0.796314002121
0.799218593031
0.808028385295
0.821183061482
0.843075515283
0.855582059614
0.870393072767
0.72247498031
0.72970045026
0.747512073856
0.761650950269
0.771060864622
0.777278129463
0.764003428858
0.777038080627
0.792449215868
0.805027774851
0.813093415724
0.767604161391
0.769860620445
0.782487189194
0.793193367259
0.806420058097
0.823367505885
0.823175466817
0.823199471701
0.823199471701
0.823199471701
0.823199471701
0.823391510769
0.823391510769
0.823439520536
0.823751584022
0.823751584022
0.823751584022
0.823751584022
0.824255686577
0.824447725645
0.82461575983
0.824639764714
0.73625378347
0.735533636963
0.732413002101
0.730156543047
0.727588020507
0.708888216219
0.708936225986
0.707807996459
0.707807996459
0.707807996459
0.707807996459
0.707807996459
0.707807996459
0.707856006226
0.707904015993
0.708144064829
0.708144064829
0.708144064829
0.708144064829
0.708528142965
0.708552147849
0.708600157616
0.708600157616
0.708600157616
0.708600157616
0.708672172267
0.708672172267
0.708720182034
0.708744186917
0.708744186917
0.708744186917
0.708744186917
0.708744186917
0.708984235753
0.709008240636
0.70903224552
0.703463112536
0.703535127186
0.703535127186
0.703535127186
0.703535127186
0.70355913207
0.70355913207
0.703583136953
0.703607141837
0.703607141837
0.70363114672
0.703655151604
0.703679156488
0.703679156488
0.703679156488
0.703679156488
0.703703161371
0.703799180905
0.703799180905
0.703799180905
0.703847190672
0.703847190672
0.703847190672
0.70389520044
0.70389520044
0.70389520044
0.703919205323
0.70396721509
0.70281498068
0.702838985563
0.702838985563
0.702838985563
0.702862990447
0.702862990447
0.70288699533
0.70288699533
0.709680377376
0.709920426212
0.709920426212
0.709920426212
0.709920426212
0.709968435979
0.710016445746
