0.824783794015
0.839978885304
0.868952779754
0.873849775998
0.89730254723
0.903207748584
0.914994146409
0.936622546491
0.943367918769
0.967732875576
0.874257859019
0.851189165924
0.850252975465
0.873537712512
0.88021107014
0.897590605833
0.90743260809
0.929637125377
0.937678761367
0.863311632118
0.867560496507
0.89149336541
0.89689446421
0.913073755725
0.919219005915
0.946128480378
0.956426575423
0.984392264762
0.962403791427
0.975558467615
0.982759932681
1.00237192254
1.01089365621
0.935734365799
0.945696392474
0.950113291048
0.979255219682
0.983984181742
1.00374020091
1.01041355853
1.03379431512
1.04277214156
1.06903348417
1.09181411866
1.05362234893
1.06216808748
1.06216808748
1.0616879898
1.06185602399
1.06185602399
0.970109359048
0.972581862054
0.971789700897
0.971885720431
0.971885720431
0.971885720431
0.971885720431
0.971957735082
0.972101764383
0.962259762126
0.847780472459
0.847924501761
0.848020521295
0.848044526178
0.848044526178
0.848044526178
0.848044526178
0.848044526178
0.848044526178
0.848068531062
0.848068531062
0.848068531062
0.848068531062
0.848068531062
0.848068531062
0.847276369905
0.847228360138
0.847252365021
0.847252365021
0.847252365021
0.847276369905
0.847276369905
0.847276369905
0.847276369905
0.847276369905
0.847276369905
0.847276369905
0.847300374788
0.847300374788
0.847300374788
0.847324379672
0.847324379672
0.847348384555
0.847348384555
0.847348384555
0.847372389439
0.847372389439
0.847396394322
0.847396394322
0.847396394322
0.847396394322
0.84744440409
0.847468408973
0.84751641874
0.847540423624
0.847564428507
0.847588433391
0.847612438274
0.847660448042
0.847708457809
0.847780472459
0.847828482226
0.84785248711
0.847876491994
0.847972511528
0.847996516411
0.848044526178
0.848092535946
0.848116540829
0.848140545713
