1.3626612198
1.36676605489
1.36743819163
1.36503770327
1.37439960786
1.37183108532
1.37511975436
1.37694412551
1.37406353949
1.37732820365
1.37430358832
1.37776029155
1.38107296548
1.37850444294
1.43047501584
1.38743425963
1.38445765407
1.38462568825
1.38176910711
1.38500976639
1.38529782499
1.38378551733
1.38700217172
1.38443364918
1.38803438171
1.38935465031
1.38637804475
1.39007479682
1.38827443055
1.3921392168
1.39233125587
1.38954668938
1.39314742191
1.39069892379
1.39439567586
1.39554791027
1.39281135354
1.39926866722
1.39922065745
1.40277338022
1.39108300193
1.38822642078
1.39151508983
1.3887785331
1.39221123145
1.39105899704
1.32298114728
1.32895836329
1.326749914
1.33116681258
1.3320069835
1.32977452933
1.33375934
1.33140686141
1.33464752069
1.33491157441
1.33205499327
1.33534366231
1.33246307629
1.33599179417
1.33613582347
1.3333272521
1.34009662926
1.3371200237
1.34024065856
1.34144090274
1.34000060972
1.34859435804
1.34811426037
1.35466759358
1.36028473633
1.35834034076
1.36160500492
1.35932454098
1.36261321003
1.36290126863
1.3610528926
1.36450959583
1.36194107329
1.36563782536
1.36618993768
1.36357340537
1.16682937977
1.16385277421
1.16721345791
1.16757353116
1.16478896467
1.16826967278
1.16531707211
1.16896581441
1.16922986812
1.16627726745
1.17016605858
1.16716544814
1.17107824416
1.17386281065
1.17091020997
1.17419887902
1.17578320133
1.18442495941
1.14654525317
1.14613717015
1.15038603453
1.14757746316
1.15149025918
1.15290654731
1.15079411756
1.15417880614
1.15122620546
1.15468290869
1.15492295753
1.1518983422
1.15499497218
1.15199436173
1.15516300636
1.15528303078
1.15216239592
1.15633924566
1.15588315287
1.16428486211
