4.6875
6.05
2.1375
5.4625
5.275
3.9125
5.675
3.3125
3.525
5.85
3.325
4.6875
5.275
6.4375
3.9125
5.85
3.3125
2.925
5.275
4.1
3.7125
4.3
3.125
5.0875
4.1
5.075
4.3
2.5375
4.675
3.5125
3.7125
2.5375
5.4625
5.85
3.7125
4.3
5.075
3.325
4.675
3.7125
3.5125
6.6375
4.1
3.9
3.9125
3.525
3.325
3.7125
4.1
4.2875
5.6625
4.3
4.1
3.9125
3.5125
4.1125
3.7125
4.1125
4.3
5.275
4.5
3.325
4.1
3.7125
3.125
5.075
4.875
4.1
4.6875
4.6875
3.5125
5.275
3.525
4.3
3.7125
4.3
3.325
3.5125
4.8875
4.3
4.2875
3.525
3.9125
3.525
5.8625
4.3
4.1
3.525
3.325
5.4625
4.1
4.4875
3.5125
5.4625
5.6625
5.475
4.1
5.6625
6.25
5.85
4.1
5.85
5.075
4.8875
4.875
2.7375
3.3125
5.275
4.6875
4.5
4.1
3.7125
3.7125
3.125
4.4875
4.1125
3.7125
4.4875
3.9125
4.4875
