1.7625
1.175
2.3375
1.7625
1.95
2.3375
1.3625
3.3125
1.95
2.7375
1.3625
1.5625
3.325
1.95
2.15
2.925
0.5875
2.35
1.9625
2.15
1.375
2.3375
2.35
2.15
1.95
1.95
1.3625
2.7375
0.5875
1.175
0.975
2.3375
3.325
1.7625
1.75
1.375
2.3375
1.5625
1.175
1.175
0.9875
2.15
1.75
1.375
0.775
2.3375
0.975
0.975
0.975
1.5625
2.5375
1.375
1.7625
0.975
0.775
2.35
0.5875
1.3625
1.175
1.95
2.15
1.7625
1.7625
1.175
2.35
1.75
1.3625
0.975
0.5875
1.95
0.975
1.175
0.5875
1.175
1.95
1.5625
0.7875
1.5625
1.7625
1.95
1.5625
0.9875
1.175
1.7625
1.375
2.5375
1.175
1.5625
1.95
0.7875
1.5625
1.95
1.5625
1.75
1.5625
0.975
1.575
1.375
2.15
1.175
1.1625
1.375
1.95
1.175
1.3625
1.3625
0.9875
1.3625
1.175
1.5625
1.5625
1.375
1.5625
1.7625
0.975
1.3625
2.1375
0.7875
1.3625
1.175
