2.725
1.95
2.3375
2.7375
2.5375
1.95
2.3375
2.925
3.125
3.5125
2.7375
1.5625
2.7375
1.7625
2.5375
1.3625
2.525
2.5375
2.1375
2.35
1.7625
2.1375
3.125
3.9
1.7625
2.725
2.15
1.95
2.15
1.175
1.55
1.7625
3.325
1.7625
1.375
2.35
2.5375
1.5625
1.175
2.15
2.1375
2.35
2.15
1.375
1.75
1.7625
2.5375
2.15
1.9625
1.95
2.35
1.7625
1.1625
1.7625
1.375
1.575
2.5375
1.5625
2.3375
1.95
2.15
1.7625
1.175
1.75
1.7625
2.15
1.175
1.5625
1.7625
2.15
1.95
1.375
2.15
2.15
2.3375
1.75
1.95
0.975
2.15
1.3625
1.575
0.975
1.3625
1.175
2.3375
1.175
1.575
3.125
1.3625
1.1625
0.975
1.5625
1.575
1.5625
1.575
0.975
1.7625
0.975
1.3625
1.375
1.75
1.175
1.7625
1.75
1.5625
1.575
2.15
1.95
2.15
1.175
1.375
1.5625
2.15
1.7625
1.7625
1.7625
1.5625
1.5625
1.375
1.175
