1.87547754715
1.91731805919
1.87252494648
1.90987654528
1.99547796004
1.91755810802
1.92492760727
1.96179910841
1.96299935259
1.94645998782
1.98361954756
2.0112971783
1.9622552012
1.9993187414
1.97449769181
2.00495988904
1.97725825342
2.0019592786
2.00666423577
1.98832450474
2.01513795967
1.99516589655
2.03686237928
2.06218753143
2.01448982781
2.05169739732
2.02481192774
2.0566904131
2.04151932669
2.06682047396
2.07229358741
2.05544215915
2.08163148711
2.05760259867
2.097114637
2.12452821402
2.07750264714
2.10676460019
2.1007633793
2.05138533383
2.05308968056
2.050113075
2.05025710431
2.0552261152
2.05373781242
2.05078521174
2.05561019334
2.05284963173
1.98760435823
1.99550196492
1.99238133006
1.99449375981
1.99843056071
1.99389363772
1.9969902677
1.99862259978
1.99554997469
1.99559798445
1.99879063397
1.81085640063
1.80936809785
1.81551334804
1.81198463015
1.81116846411
1.82233073496
1.82158658357
1.80581537508
1.80898401971
1.80439908695
1.80646350694
1.81469718199
1.81400104037
1.81404905014
1.81193662039
1.81040030784
1.80735168763
1.81402504526
1.81092841528
1.81150453248
1.81359295735
1.80749571693
1.80903202948
1.81212865945
1.80751972181
1.81116846411
1.81500924548
1.80924807343
1.80927207831
1.8130888548
1.81157654713
1.80850392204
1.81524929432
1.81040030784
1.80915205389
1.81560936757
1.80980018575
1.81467317711
1.81644953849
1.81092841528
1.81839393406
1.81757776802
1.81359295735
1.81858597313
1.8189220415
1.81472118688
1.81961818312
1.82045835405
1.8190660708
1.82048235893
1.82079442242
1.81649754826
1.82132252986
1.82158658357
1.81594543594
1.82516331122
1.82115449567
1.81733771919
1.82415510611
1.82547537471
1.82295486194
