1.96143903516
1.99867060955
1.98525187964
2.02087512684
2.10798884925
2.01439380828
2.0460322448
2.02166728799
2.06341178049
2.02879673841
2.03556611557
2.07608635901
2.04346372226
2.0864564687
2.05501007125
2.13926721252
2.1312735863
2.07567827599
2.11067739621
2.09048928914
2.12676066819
2.10549234136
2.1366746851
2.14308398901
2.12210372078
2.15907124145
2.13153764002
2.13040941049
2.13365006977
2.13074547886
2.13252184024
2.01938682406
2.02008296568
2.02320360054
2.02197935148
2.02409178123
2.02534003518
2.02531603029
2.02956489468
2.02495595704
2.02752447958
2.02752447958
2.02598816703
2.02752447958
2.02649226959
2.02874872864
2.02824462609
2.02670831354
2.0293968605
2.02802858213
2.02980494352
2.03002098747
2.02908479701
2.03287756861
2.02903678724
2.03234946117
2.03441388116
2.03316562722
2.03491798371
2.03410181767
2.03835068206
2.03981497996
2.03429385674
2.03592618882
2.03460592023
2.03784657951
2.0385907309
2.03710242812
2.03835068206
2.03705441835
2.03890279438
2.03897480904
2.03765454044
2.03943090182
2.0393108774
2.04324767831
2.04070316065
2.03940689694
1.74993200617
1.75070016244
1.74998001593
1.7519244115
1.75091620639
1.75216446034
1.75302863615
1.75254853847
1.75497303171
1.75962997912
1.7630146677
1.76411889235
1.76481503397
1.76865581534
1.76923193254
1.76625532698
1.76675942954
1.7660872928
1.76829574209
1.76822372744
1.77108030858
1.77273664554
1.76997608393
1.77230455764
1.77160841602
1.77372084577
1.77182445997
1.77103229881
1.76894387394
1.76459899002
1.76843977139
1.76750358093
1.76632734163
1.76843977139
1.76774362976
1.77040817184
1.76971203022
1.76899188371
1.77086426463
1.76935195696
1.77086426463
1.77136836718
