3.5125
3.525
2.3375
2.35
3.3125
3.9
2.7375
2.15
2.55
3.3125
3.9125
1.3625
2.5375
2.7375
5.6625
3.125
2.3375
1.95
3.9
2.15
2.7375
2.5375
2.35
2.7375
2.55
4.7
2.3375
2.7375
2.5375
1.7625
2.35
1.95
4.3
3.7125
3.7125
2.925
2.3375
2.7375
3.5125
2.925
1.75
1.55
5.4625
3.5125
2.5375
1.5625
3.7125
2.7375
3.125
1.95
2.725
4.1
3.3125
3.125
3.7125
2.9375
4.6875
2.7375
3.9
2.925
2.7375
4.4875
2.35
2.35
2.525
3.3125
3.5125
2.55
3.7
2.9375
2.15
1.95
0.975
1.55
1.95
3.9
2.5375
4.8875
1.3625
4.1
3.5125
3.125
4.5
2.55
4.1
3.525
3.125
2.7375
2.925
4.1
3.5125
3.325
2.15
2.15
2.925
2.5375
2.5375
2.35
3.7125
4.875
2.55
1.95
1.3625
3.125
1.5625
3.325
1.95
2.7375
3.9125
2.15
2.15
3.3125
2.7375
5.0875
2.9375
3.125
1.7625
3.125
4.4875
3.325
