0.989001202405
1.0014117272
1.01485446199
1.03501856418
1.05477458334
1.0646165856
1.0771711397
1.10628906345
1.11586701198
1.13631917277
1.15264249359
1.16133226144
1.11169016225
1.03233001722
1.02956945561
1.02959346049
1.02959346049
1.02738501121
1.02740901609
1.02740901609
1.02541661076
1.02450442518
1.0252005668
1.02500852773
0.943415928537
0.868304647898
0.862015368407
0.862015368407
0.861031168181
0.858558665175
0.856014147518
0.855173976594
0.801210998366
0.799770705352
0.800010754188
0.800082768838
0.800274807907
0.800322817674
0.800322817674
0.800490851859
0.800490851859
0.799866724887
0.799866724887
0.799866724887
0.799866724887
0.799866724887
0.799506651633
0.799506651633
0.799506651633
0.799506651633
0.799506651633
0.799506651633
0.799506651633
0.799506651633
0.799506651633
0.799506651633
0.799506651633
0.799506651633
0.799722695585
0.799722695585
0.799722695585
0.799722695585
0.799722695585
0.799722695585
0.799722695585
0.799722695585
0.799722695585
0.799722695585
0.799722695585
0.799722695585
0.799722695585
0.798162378154
0.798210387921
0.798210387921
0.798210387921
0.798210387921
0.798210387921
0.798210387921
0.798210387921
0.798210387921
0.798210387921
0.798210387921
0.798210387921
0.798210387921
0.798210387921
0.798210387921
0.798210387921
0.798210387921
0.798210387921
0.798210387921
0.798210387921
0.798234392805
0.798282402572
0.798306407456
0.798330412339
0.798378422106
0.79840242699
0.798450436757
0.79847444164
0.798498446524
0.798522451408
0.798498446524
0.798570461175
0.798594466058
0.798618470942
0.0845211949919
0.110422464346
0.125545540985
0.128378117244
0.129890424908
0.151614844524
0.152623049633
0.153895308462
0.158288202152
0.15922439261
0.160280607487
0.176411889235
0.177540118762
0.178500314104
0.179796577816
