0.81474975269
0.817198250812
0.821687164037
0.841155124599
0.803227408584
0.811965186197
0.830208897698
0.840506992743
0.862519470961
0.744343429227
0.760546725626
0.764579546063
0.78611192661
0.800442842092
0.818686553592
0.828960643753
0.855294001012
0.810596907835
0.826656174932
0.839186724147
0.861607285386
0.877690557367
0.900687235811
0.903927895091
0.927236637021
0.936766575792
0.967876904878
0.919723108469
0.897734635134
0.902511606961
0.922339640777
0.932133633266
0.962619835379
0.96194769864
0.964468211413
0.964636245598
0.932205647917
0.932229652801
0.932301667451
0.931005403739
0.931269457458
0.931365476993
0.931365476993
0.83474582069
0.83474582069
0.834769825573
0.833593586279
0.833617591163
0.833617591163
0.833617591163
0.832129288382
0.830400936767
0.828528555849
0.82718428237
0.82569597959
0.824255686577
0.822743378913
0.821183061482
0.819838788003
0.819166651264
0.819166651264
0.819262670798
0.819358690332
0.819358690332
0.819358690332
0.819358690332
0.819406700099
0.819406700099
0.819406700099
0.819430704983
0.81947871475
0.819502719633
0.8195507294
0.819574734284
0.819598739167
0.819622744051
0.819670753818
0.819718763585
0.819742768469
0.819766773352
0.819814783119
0.819838788003
0.81988679777
0.819934807537
0.819958812421
0.818374490106
0.818638543825
0.818686553592
0.81873456336
0.818758568243
0.818782573127
0.818854587777
0.818926602428
0.818950607312
0.818974612195
0.818998617079
0.819022621962
0.819046626846
0.819166651264
0.819190656147
0.819214661031
0.819238665914
0.819286675681
0.819334685448
0.819358690332
0.81947871475
0.819502719633
0.819430704983
0.81988679777
0.819910802654
0.819934807537
0.819958812421
0.819982817304
0.820006822188
0.820054831955
0.820030827071
0.820102841722
0.820126846606
0.820198861256
0.82022286614
