4.8875
5.8625
4.1
3.5125
4.8875
2.3375
3.7125
1.7625
3.3125
3.325
4.4875
3.9125
5.075
2.925
4.875
3.325
3.7125
3.125
3.9125
4.875
2.7375
3.5125
3.5125
3.125
4.1
3.3125
4.1
3.5125
2.5375
3.325
3.9
4.4875
3.7125
5.275
3.125
3.325
3.5125
4.2875
3.9125
5.075
3.5125
4.4875
5.075
3.325
4.6875
3.125
3.125
3.3125
4.6875
3.7125
5.6625
3.3125
2.925
4.1
4.2875
3.7125
3.125
3.325
4.1
4.8875
4.6875
3.7125
4.1
4.4875
3.3125
3.9125
3.5125
3.125
4.8875
3.5125
4.8875
4.6875
3.7125
4.1
4.1
3.125
4.3
3.5125
3.9
3.5125
3.5125
3.125
4.8875
2.7375
4.1
2.925
3.325
3.7125
4.4875
1.95
2.35
0.975
3.325
2.925
3.125
3.325
3.5125
3.5125
2.5375
4.6875
5.075
3.325
5.075
3.9125
3.7125
4.6875
4.1
3.325
4.2875
4.6875
3.9125
3.9125
3.5125
3.325
3.9125
3.3125
4.3
4.4875
2.925
3.7125
