1.0542464759
1.07849140829
1.09066188425
1.10724925879
1.07201008973
1.07743519342
1.09755128583
1.10760933204
1.11502684106
1.14076007623
1.15129822011
1.15924383657
1.16978198045
1.19594730352
1.05415045637
1.05419846614
1.05299822196
1.05098181174
1.04891739175
1.04471653713
1.04274813668
1.0406837167
1.04034764833
1.03734703788
0.984464279413
0.95438616032
0.954866257992
0.947184695254
0.946824622001
0.946824622001
0.945456343639
0.943367918769
0.939647161819
0.9376307516
0.935686356032
0.933693950697
0.931605525828
0.929517100959
0.929469091192
0.929469091192
0.929469091192
0.929421081425
0.929373071658
0.9285809105
0.9285809105
0.9285809105
0.928556905617
0.928556905617
0.928556905617
0.928556905617
0.928556905617
0.928556905617
0.928556905617
0.928556905617
0.928556905617
0.928556905617
0.928556905617
0.928556905617
0.928532900733
0.936598541607
0.93688660021
0.937102644162
0.937102644162
0.936982619744
0.937030629511
0.937030629511
0.937030629511
0.937030629511
0.937054634395
0.913793902231
0.913793902231
0.913793902231
0.913817907115
0.913865916882
0.913889921766
0.913913926649
0.913937931533
0.913961936416
0.914009946183
0.914033951067
0.914081960834
0.914105965718
0.914129970601
0.914129970601
0.914153975485
0.914177980368
0.914201985252
0.914249995019
0.914249995019
0.914298004786
0.91432200967
0.914346014553
0.91439402432
0.914418029204
0.914442034087
0.914466038971
0.914514048738
0.914562058505
0.914706087807
0.914850117108
0.914874121991
0.914898126875
0.914922131758
0.914946136642
0.914970141526
0.914994146409
0.915042156176
0.915090165943
0.915114170827
0.91513817571
0.915162180594
0.915282205012
0.915306209895
0.915330214779
0.915354219662
0.915378224546
0.91540222943
0.915642278265
0.915666283149
0.915690288032
