1.48275765222
1.52238971496
1.49980111954
1.53155958048
1.54692270596
1.53374402488
1.546706662
1.52959118003
1.56259789492
1.53856900648
1.57121564811
1.58002544038
1.55602055682
1.59558060492
1.57023144789
1.60427037276
1.58372219244
1.5915237796
1.62467452379
1.60556663648
1.6373491023
1.61816920034
1.65285625708
1.66140199562
1.63828529276
1.67698116505
1.65292827173
1.68773535288
1.72201432659
1.67597295994
1.70703527926
1.68898360682
1.71958983336
1.70077000465
1.73459288558
1.74294658505
1.72266245845
1.75113225035
1.7517803822
1.75214045545
1.69930570675
1.69949774582
1.69964177512
1.69985781907
1.70048194605
1.70091403395
1.62016160568
1.62270612333
1.62133784497
1.6228981624
1.62316221612
1.62234605008
1.62623484122
1.62484255797
1.62361830891
1.62642688028
1.62652289982
1.62513061657
1.62546668494
1.62630685587
1.63007562258
1.63386839419
1.63482858953
1.6284432905
1.63045970072
1.62918744189
1.62993159328
1.63269215489
1.63557274092
1.63053171537
1.63281217931
1.63302822326
1.63161193513
1.54056141181
1.54202570971
1.54128155832
1.54041738251
1.54075345088
1.54111352414
1.54147359739
1.54173765111
1.54252981227
1.5427698611
1.54231376831
1.54257782203
1.54399411016
1.54509833481
1.54521835922
1.54596251061
1.54637059363
1.5462745741
1.54783489153
1.547738872
1.54795491595
1.54841100874
1.54850702827
1.54922717478
1.55258785847
1.55011535547
1.55013936035
1.55189171685
1.55227579499
1.55239581941
1.55352404893
1.55381210754
1.5535720587
1.55393213195
1.55729281565
1.55794094751
1.56007738214
1.55863708913
1.55950126494
1.56295796817
1.56113359702
1.56019740656
1.56329403654
1.56411020258
1.56271791933
1.56226182655
1.56367811468
