5.6625
4.875
4.6875
4.1
4.6875
6.4375
3.9
3.7125
4.1
6.8375
5.075
3.7125
5.4625
6.8375
3.9125
4.4875
3.325
4.1
3.3125
3.525
4.8875
5.075
4.1
4.4875
3.5125
5.0875
4.4875
4.6875
4.8875
6.25
3.5125
4.6875
4.8875
4.1
4.7
4.1125
6.0625
4.8875
4.4875
6.45
3.125
4.6875
4.3
5.0875
4.4875
3.9
3.9125
4.1
2.925
4.3
3.7125
5.4625
5.075
4.875
3.9
5.275
2.7375
3.125
3.7125
4.1125
3.5125
3.7125
3.5125
3.5125
3.5125
3.9125
5.6625
2.35
3.125
3.325
2.9375
2.35
3.325
3.525
4.1
3.5125
3.9125
3.3125
2.9375
4.1125
4.1
3.9
4.1
2.3375
3.7125
3.325
3.9
3.3125
4.2875
3.7
3.125
3.7125
4.5
2.9375
3.9125
4.1
3.7125
2.7375
3.7125
3.7125
2.725
3.525
4.2875
3.325
4.2875
5.675
4.5
3.325
3.7125
5.4625
4.4875
3.3125
4.875
4.3
4.1
4.1
4.0875
4.1125
3.325
3.525
