4.6875
5.075
4.3
6.2375
5.6625
4.7
2.925
3.525
4.8875
5.275
3.525
2.35
4.3
4.675
4.875
5.0875
2.9375
3.125
5.4625
4.7
7.025
4.2875
4.4875
4.1
4.1
4.3
5.075
3.3125
5.8625
5.075
4.3
5.275
4.8875
4.875
4.3
3.5125
5.4625
4.4875
4.6875
4.6875
3.9
4.3
4.4875
4.8875
3.7125
6.65
6.05
4.4875
5.4625
6.4375
4.875
5.0875
4.8875
3.325
4.1
4.1125
5.65
5.85
4.8875
6.4375
6.0625
3.7125
5.4625
5.475
4.6875
4.1
4.6875
3.7125
6.05
5.85
5.075
4.2875
5.4625
4.8875
5.275
5.6625
4.4875
6.05
5.4625
5.8625
5.0875
5.85
5.6625
4.6875
5.275
4.1
3.5125
3.5125
3.7125
5.475
4.3
3.7125
2.725
3.7125
2.5375
4.6875
4.8875
5.0875
3.9
4.8875
4.8875
3.3125
5.4625
2.15
6.25
6.05
3.7125
5.075
5.6625
6.4375
5.4625
6.05
5.4625
3.9
5.6625
3.7125
4.1
3.9
3.5125
3.5125
