3.5125
2.7375
3.525
3.325
2.9375
4.8875
4.3
5.675
3.325
4.3
2.9375
3.325
2.5375
3.7125
2.5375
5.075
3.125
3.525
2.55
3.125
3.125
3.7125
2.5375
3.5125
3.5125
2.3375
3.325
3.125
3.125
2.7375
3.5125
3.125
3.125
3.125
3.125
3.9125
3.5125
2.7375
2.9375
3.3125
4.4875
2.7375
2.925
2.7375
2.7375
2.7375
2.7375
3.7125
3.125
3.7
4.875
3.325
3.3125
2.15
3.5125
3.1375
3.5125
3.1125
3.1375
3.525
3.1375
2.925
2.925
3.9125
3.325
3.7125
3.525
3.125
4.1
2.5375
2.9375
3.3125
3.5125
3.9
3.325
3.5125
2.725
3.325
4.1
3.7125
3.325
2.5375
4.6875
3.9
2.7375
2.5375
2.5375
3.9125
2.5375
2.5375
2.55
3.325
3.9125
3.525
2.925
3.125
3.7125
2.5375
4.5
3.7125
2.9375
3.7125
3.325
3.325
3.3125
3.325
4.4875
2.925
2.7375
3.125
3.3125
3.125
2.9375
3.9125
3.325
3.5125
3.7125
2.5375
2.5375
2.925
