0.812613318053
0.827064257953
0.826608165165
0.850709068253
0.863047578399
0.875506112964
0.811221034807
0.778838446894
0.800466846975
0.802699301146
0.822911413098
0.830616980719
0.856278201237
0.87216943415
0.847948506644
0.848092535946
0.848092535946
0.848140545713
0.848140545713
0.848164550596
0.848164550596
0.848164550596
0.846412194097
0.84643619898
0.846676247816
0.84345959342
0.843483598303
0.821111046831
0.784983697083
0.78503170685
0.78503170685
0.78503170685
0.78503170685
0.783015296632
0.78097488153
0.778910461544
0.776894051326
0.774853636224
0.772813221122
0.769092464171
0.701638741386
0.699598326283
0.697725945366
0.695733540031
0.690500475417
0.690500475417
0.690500475417
0.690668509602
0.690716519369
0.690716519369
0.690716519369
0.690716519369
0.690716519369
0.690716519369
0.690716519369
0.690716519369
0.690716519369
0.690716519369
0.690716519369
0.69086054867
0.69086054867
0.690284431465
0.690308436348
0.690380450999
0.690380450999
0.690404455883
0.690404455883
0.690404455883
0.690404455883
0.69045246565
0.69045246565
0.69045246565
0.690476470533
0.690476470533
0.690572490067
0.690596494951
0.690596494951
0.690596494951
0.690596494951
0.690596494951
0.690596494951
0.690596494951
0.690764529136
0.690764529136
0.690764529136
0.690764529136
0.690764529136
0.690836543786
0.690836543786
0.690836543786
0.69086054867
0.69086054867
0.69086054867
0.69086054867
0.690932563321
0.690932563321
0.690980573088
0.691004577971
0.691028582855
0.691052587738
0.691076592622
0.691172612156
0.69119661704
0.69126863169
0.691292636574
0.691316641458
0.691340646341
0.691388656108
0.691412660992
0.691436665875
0.69153268541
0.691556690293
0.691580695177
0.691748729362
0.691772734245
0.691820744012
0.691844748896
0.692156812382
0.692204822149
0.6922768368
