5.85
5.275
4.8875
3.9
5.8625
4.3
3.325
5.075
3.7125
4.8875
2.7375
4.5
4.4875
3.3125
3.7125
3.9125
4.4875
2.5375
4.1
3.7125
4.1
5.275
4.3
3.3125
5.0625
4.8875
4.3
3.7125
2.35
3.7125
2.7375
2.5375
2.7375
2.5375
2.9375
3.5125
2.9375
2.35
2.7375
3.325
1.9625
3.7
2.5375
4.1
2.15
2.35
2.725
2.55
4.1
2.9375
2.5375
3.125
3.125
2.5375
3.5125
3.3125
3.3125
3.125
4.3
2.35
3.125
3.125
3.3125
3.125
2.15
4.1
2.3375
3.525
2.7375
3.125
2.5375
2.15
4.1
3.5125
2.925
2.15
3.5125
2.925
3.1375
2.5375
2.3375
3.325
3.5125
2.35
2.7375
2.3375
3.325
2.925
3.125
2.9375
2.35
3.7125
2.3375
2.55
3.7125
3.1125
3.7125
4.5
2.725
2.7375
3.525
3.125
2.5375
2.925
4.4875
3.5125
3.325
3.525
3.9
3.325
2.35
3.325
2.925
1.95
3.7125
3.325
3.5125
2.55
2.3375
3.325
