1.02743302097
1.04378034667
1.06920151836
1.07532276366
1.10468073625
1.10969775691
1.11601104129
1.0554227152
1.03040962653
1.04685297177
1.05150991918
1.05379038312
1.08240420431
1.08336439965
1.10331245789
1.10794540041
1.1175953636
1.13689528998
1.14263245715
1.15288254242
1.15566710892
1.16212442259
1.11421067502
1.12770141958
1.13026994212
1.15024200523
1.16966195603
1.17957597294
1.20334080765
1.18238454431
1.20000412884
1.20864588692
1.15086613221
1.13747140718
1.16769355558
1.17549514273
1.18512110104
1.2083818332
1.20818979413
1.22724967167
1.22856994027
1.23469118557
1.25586349287
1.26541743652
1.24309289482
1.25387108753
1.27069851091
1.28418925546
1.28418925546
1.28418925546
1.28423726523
1.26796195418
1.2680819786
1.26712178326
1.26709777837
1.18231252966
1.18231252966
1.18224051501
1.18221651013
1.18221651013
1.18219250524
1.184304935
1.18428093011
1.18500107662
1.18512110104
1.18579323778
1.18567321336
1.10595299508
1.10364852626
1.10163211604
1.09961570582
1.09769531513
1.09769531513
1.09747927118
1.09733524188
1.09733524188
1.09704718328
1.09649507096
1.09651907584
1.09642305631
1.0961349977
1.09620701235
1.09632703677
1.09589494887
1.09567890492
1.09567890492
1.09397455818
1.09397455818
1.09397455818
1.09397455818
1.09404657283
1.09404657283
1.09404657283
1.09404657283
1.09407057772
1.0940945826
1.0940945826
1.0940945826
1.093806524
1.093806524
1.093806524
1.09383052888
1.09385453377
1.09387853865
1.09390254353
1.09375851423
1.09378251912
1.09383052888
1.09371050447
1.09375851423
1.09368649958
1.09368649958
1.0936624947
1.09342244586
1.09344645075
1.09344645075
1.09349446051
1.09339844098
1.09342244586
1.09342244586
