2.10930911785
2.06658042512
2.07308574856
2.07354184135
2.07755065691
2.08143944804
2.08158347734
2.08172750664
2.08187153595
2.08201556525
2.07611036389
2.08463209755
2.08499217081
2.12049539358
2.11523832408
2.09752272002
2.08371991198
2.08840086427
2.08864091311
2.08864091311
2.09044127937
2.09046528426
2.09046528426
2.09048928914
2.08780074218
2.08434403895
2.09053729891
2.09058530868
2.09070533309
2.09096938681
2.08667251266
2.08535224406
2.09276975308
2.09348989959
2.09384997284
2.09406601679
2.09421004609
2.09207361146
2.09389798261
2.08964911822
2.09024924031
2.09673055886
2.09704262235
2.0972586663
2.09747471026
2.09675456375
2.0934658947
2.10009124256
2.1003312914
2.09937109606
2.09963514977
2.10153153558
2.09555431957
2.10210765278
2.09927507652
2.10064335488
2.10414806788
2.10738872716
2.1073407174
2.10758076623
2.10796484437
2.1020836479
2.11322191387
2.11259778689
2.1133179334
2.11406208479
2.11425412386
2.10842093716
2.11192565015
2.11305387968
2.11562240222
2.11761480756
2.11797488081
2.11809490523
2.1184309736
1.84211075901
1.84153464181
1.84638362829
1.84688773084
1.84717578944
1.84890414106
1.84453525225
1.84643163805
1.85305698591
1.85346506893
1.85416121056
1.85596157682
1.85629764519
1.85648968426
1.61848126383
1.60547061694
1.60580668531
1.61207195992
1.61228800387
1.61303215526
1.52728671121
1.5240940617
1.52445413495
1.53033533142
1.53079142421
1.53172761467
1.53703269393
1.54027335321
1.53458419581
1.54080146065
1.53626453766
1.53633655231
1.53950519694
1.53957721159
1.53969723601
1.53969723601
1.53969723601
1.53508829836
1.54128155832
1.5423377732
1.54238578296
1.54447420783
1.54973127733
1.54555442759
1.55402815149
