1.01751900407
1.04894139664
1.05748713518
1.08211614571
1.09087792821
1.11901165173
1.12117209125
1.1234285503
1.13036596165
1.16454891583
0.937390702765
0.947256709905
0.978439053641
0.986792753118
1.01293407131
1.02090369265
1.0306016656
1.06248015096
1.07186606043
1.08305233617
1.04759712316
1.05835131099
1.02179187334
1.04632486433
1.05400642707
1.07469863669
1.08166005292
1.11274637712
1.07659502249
1.07095387486
1.07095387486
1.07097787974
0.922915757982
0.921547479619
0.921595489386
0.919026966846
0.91655446384
0.914129970601
0.911681472479
0.909208969473
0.906832486001
0.904407992762
0.904407992762
0.904407992762
0.904407992762
0.904407992762
0.904407992762
0.904407992762
0.904407992762
0.904407992762
0.904407992762
0.904407992762
0.904407992762
0.904407992762
0.904407992762
0.904407992762
0.904407992762
0.904407992762
0.904407992762
0.904407992762
0.904407992762
0.904407992762
0.904407992762
0.904407992762
0.904407992762
0.904407992762
0.904407992762
0.904407992762
0.904407992762
0.904407992762
0.904407992762
0.904407992762
0.904407992762
0.904407992762
0.904407992762
0.904407992762
0.904407992762
0.904407992762
0.902631631379
0.902679641146
0.902679641146
0.902679641146
0.90270364603
0.902727650913
0.902751655797
0.90277566068
0.902799665564
0.902823670448
0.902871680215
0.902895685098
0.902919689982
0.902943694865
0.902991704632
0.903015709516
0.903039714399
0.903087724167
0.90311172905
0.903135733934
0.903159738817
0.903183743701
0.903207748584
0.903231753468
0.903255758351
0.903303768119
0.903327773002
0.903351777886
0.903375782769
0.903399787653
0.903399787653
0.903471802303
0.903543816954
0.903591826721
0.903615831605
0.903639836488
0.903663841372
0.903711851139
0.903735856023
0.903759860906
0.90378386579
0.903807870673
