2.5375
3.125
3.9125
3.7125
3.9
3.7125
4.3
4.4875
3.9125
4.8875
2.5375
4.1
4.4875
4.1
4.3
4.1
4.4875
3.125
4.4875
2.7375
1.5625
4.6875
2.5375
2.5375
3.325
4.1
3.9
3.125
3.5125
4.4875
3.7125
4.1
5.275
4.1
4.3
3.5125
4.3
3.7125
5.075
4.1
4.4875
3.7125
3.325
2.5375
4.4875
2.35
3.9
3.125
3.7125
3.3125
3.7125
4.1
5.85
3.5125
3.5125
4.1
3.9125
4.3
2.5375
3.7125
3.9125
1.75
2.7375
2.5375
1.5625
2.35
2.15
3.9125
4.6875
3.5125
3.125
1.95
4.1
1.95
2.5375
2.7375
2.7375
3.325
2.35
2.5375
2.15
3.7125
3.9
1.95
4.4875
3.325
3.125
1.95
1.95
4.1
2.925
1.95
2.35
2.15
2.15
1.95
2.3375
2.7375
2.925
2.15
3.125
2.925
1.5625
0.7875
2.925
1.3625
3.3125
2.5375
3.5125
1.7625
2.35
3.3125
4.2875
2.925
4.875
2.925
2.5375
0.975
1.95
3.3125
