6.25
5.2625
5.6625
7.425
8.2
6.45
4.6875
3.125
4.4875
4.6875
3.5125
3.7125
3.9125
3.7125
3.5125
4.4875
2.925
3.7125
3.125
3.5125
4.6875
4.4875
4.4875
4.1
3.9125
3.3125
6.05
3.325
3.125
3.7125
3.125
3.125
2.925
3.325
2.925
6.45
5.4625
3.325
3.9125
4.4875
5.8625
4.4875
4.875
6.05
5.475
4.8875
4.4875
5.475
4.6875
5.075
4.1
4.3
5.075
4.3
7.025
6.825
5.8625
4.6875
5.2625
4.4875
3.5125
7.8125
7.025
3.9125
4.4875
3.325
3.9
3.9125
3.3125
3.9125
3.125
3.325
3.125
3.125
3.5125
2.925
2.5375
3.9125
3.9
3.325
3.7125
3.125
3.5125
3.9125
6.05
5.2625
3.9
2.5375
3.5125
4.8875
3.325
2.15
4.875
4.1
3.9125
4.1
3.9
3.7125
4.1
4.875
4.4875
2.925
2.7375
4.3
3.325
3.7125
3.325
3.5125
3.9125
3.7125
4.2875
3.7125
2.925
3.5125
5.275
4.1
3.9
4.3
3.9125
3.5125
