3.125
2.7375
2.3375
2.3375
3.7125
2.35
2.925
2.15
2.3375
2.5375
1.3625
2.5375
2.7375
2.5375
3.325
2.35
2.925
3.3125
3.7125
2.925
2.7375
2.35
2.7375
1.95
2.15
2.925
2.7375
2.7375
3.5125
2.5375
4.1
2.925
3.125
2.7375
1.95
2.5375
2.15
2.3375
2.7375
2.5375
3.7125
2.925
2.5375
3.125
3.125
3.7125
2.7375
3.325
2.15
2.15
2.5375
2.925
2.35
2.3375
2.5375
2.7375
1.7625
3.125
2.7375
2.925
3.125
3.3125
4.3
3.125
2.5375
2.35
3.125
2.3375
2.5375
2.7375
2.15
2.3375
2.5375
3.9125
3.325
3.125
2.925
2.925
3.5125
2.35
2.35
3.125
2.35
2.5375
2.5375
2.7375
2.5375
4.6875
3.7125
2.15
7.8125
5.075
3.7125
2.15
2.35
2.15
3.125
2.5375
2.15
2.3375
2.7375
2.15
2.925
2.15
2.7375
3.125
2.925
3.125
2.35
2.15
1.95
2.15
2.5375
1.5625
3.125
2.5375
1.95
2.5375
2.5375
2.35
