4.1
4.1
3.5125
5.475
4.1
5.075
3.9125
3.325
5.85
6.45
6.05
4.4875
4.3
3.7125
4.6875
4.8875
3.7125
3.125
4.4875
5.075
3.5125
6.05
4.3
5.6625
5.475
5.2625
4.3
4.6875
3.9125
4.1
3.325
3.325
3.7125
3.325
3.7125
2.5375
2.925
3.325
5.6625
4.4875
6.6375
5.4625
3.7125
4.3
4.4875
4.8875
3.325
4.875
3.7125
2.5375
3.7125
3.325
5.2625
4.8875
4.8875
4.6875
5.075
5.275
4.3
1.7625
0.975
1.95
1.5625
0.5875
0.2
4.1
4.1
4.3
5.475
3.325
4.4875
2.925
3.5125
3.3125
5.475
3.5125
4.1
7.025
7.225
4.4875
3.9125
4.6875
2.5375
4.4875
5.6625
4.4875
4.8875
3.5125
4.1
3.7125
3.125
4.6875
3.7125
4.1
4.1
4.6875
6.4375
3.325
4.8875
5.475
3.7125
5.6625
3.5125
3.5125
3.5125
3.5125
3.9125
4.3
4.1
5.075
2.7375
4.4875
4.875
3.9125
5.2625
4.3
4.4875
3.9
5.4625
5.4625
