4.875
7.6125
5.275
5.4625
5.075
4.4875
4.1
4.8875
5.275
3.9
5.6625
4.8875
5.2625
3.7125
4.8875
4.8875
3.7125
3.5125
5.075
6.25
6.6375
5.075
5.8625
5.075
4.4875
5.8625
6.05
4.2875
5.6625
4.4875
5.6625
5.6625
3.7125
4.8875
4.3
4.875
4.1
4.4875
5.6625
5.4625
3.3125
4.6875
4.6875
4.875
3.7125
4.875
3.125
4.3
4.2875
5.275
5.2625
5.8625
6.8375
5.4625
4.875
4.8875
6.6375
3.5125
4.3
5.275
3.5125
3.9125
4.8875
5.2625
4.8875
4.1
5.4625
3.9
6.05
5.475
6.6375
5.275
5.075
4.4875
4.4875
4.6875
2.925
5.8625
5.2625
5.075
3.9125
4.6875
2.15
3.125
4.1
3.3125
5.6625
4.4875
4.8875
4.1
4.875
4.8875
3.9125
4.8875
3.3125
4.3
4.6875
5.2625
3.9125
5.6625
5.4625
4.1
4.6875
5.475
4.4875
3.5125
4.8875
4.4875
3.9125
5.4625
4.4875
4.3
5.475
4.2875
4.8875
4.1
7.225
5.6625
5.475
6.25
