3.325
5.85
6.05
4.6875
6.25
5.075
4.4875
4.2875
2.3375
5.2625
1.95
2.5375
4.2875
3.3125
2.5375
4.1
4.3
2.925
3.9
4.1
6.25
2.925
3.9
3.5125
3.9
4.3
3.7125
3.125
4.6875
4.1
2.925
6.05
3.5125
3.9125
1.7625
2.5375
4.1
4.3
3.7125
2.7375
4.1
1.95
3.5125
5.8625
3.7125
4.4875
3.125
2.7375
3.7125
2.15
3.5125
4.4875
4.4875
4.6875
3.125
4.6875
2.35
3.5125
2.15
2.7375
2.15
1.95
1.95
2.35
2.15
4.1
3.125
1.75
3.5125
2.3375
2.925
2.5375
2.7375
2.925
2.15
3.325
2.5375
2.5375
3.5125
2.15
2.5375
3.5125
2.15
2.7375
3.7125
2.5375
1.95
2.5375
2.925
2.5375
1.7625
2.3375
1.75
2.5375
1.3625
2.15
1.95
3.9
2.7375
2.15
2.15
2.925
2.15
1.5625
2.35
2.7375
3.125
2.925
2.7375
2.7375
3.325
2.7375
4.8875
3.5125
2.15
2.7375
1.7625
2.5375
2.15
2.925
